

----------------------------------------------------
STRUCTURE by Pritchard, Stephens and Donnelly (2000)
     and Falush, Stephens and Pritchard (2003)
       Code by Pritchard, Falush and Hubisz
             Version 2.3.4 (Jul 2012)
----------------------------------------------------



Command line arguments:   bin/structure -m "/Users/student/Desktop/Pat's Stuff/CaSteelhead/CaSteelhead/Steelhead_NoAdmix_Uncorrelated/mainparams" -e "/Users/student/Desktop/Pat's Stuff/CaSteelhead/CaSteelhead/Steelhead_NoAdmix_Uncorrelated/extraparams" 
Input File:    /Users/student/Desktop/Pat's Stuff/CaSteelhead/CaSteelhead/project_data

Run parameters:
   2596 individuals
   15 loci
   6 populations assumed
   50000 Burn-in period
   150000 Reps
NO ADMIXTURE model assumed


--------------------------------------------
Proportion of membership of each pre-defined
 population in each of the 6 clusters

Given    Inferred Clusters                            Number of
 Pop       1      2      3      4      5      6      Individuals

INSERT POP_Q HERE
--------------------------------------------

Allele-freq. divergence among pops (Net nucleotide distance),
computed using point estimates of P.

      1       2       3       4       5       6      
 1      -    0.0297  0.0285  0.0220  0.0154  0.0062  
 2   0.0297     -    0.0391  0.0443  0.0160  0.0259  
 3   0.0285  0.0391     -    0.0195  0.0287  0.0229  
 4   0.0220  0.0443  0.0195     -    0.0263  0.0170  
 5   0.0154  0.0160  0.0287  0.0263     -    0.0146  
 6   0.0062  0.0259  0.0229  0.0170  0.0146     -    

Average distances (expected heterozygosity) between individuals in same cluster:
cluster  1  : 0.7408 
cluster  2  : 0.7344 
cluster  3  : 0.7845 
cluster  4  : 0.7496 
cluster  5  : 0.7372 
cluster  6  : 0.7471 

--------------------------------------------
Estimated Ln Prob of Data   = -140396.8
Mean value of ln likelihood = -139074.5
Variance of ln likelihood   = 2644.6
Allele frequencies uncorrelated


Inferred ancestry of individuals:
        Label (%Miss) Pop:  Inferred clusters
INSERT IND_Q HERE


Estimated Allele Frequencies in each cluster


Locus 1 : Omy1011 
31 alleles
5.9% missing data
 164   0.095 0.224 0.142 0.113 0.221 0.103 
 168   0.104 0.263 0.126 0.091 0.207 0.124 
 172   0.099 0.146 0.073 0.065 0.151 0.065 
 184   0.089 0.015 0.067 0.128 0.079 0.066 
 176   0.036 0.077 0.087 0.092 0.076 0.123 
 188   0.111 0.049 0.059 0.092 0.036 0.168 
 132   0.001 0.022 0.002 0.001 0.002 0.001 
 160   0.104 0.018 0.096 0.072 0.005 0.077 
 192   0.147 0.058 0.031 0.035 0.058 0.060 
 180   0.082 0.056 0.094 0.099 0.044 0.100 
 156   0.004 0.021 0.024 0.035 0.059 0.032 
 196   0.052 0.010 0.026 0.052 0.016 0.010 
 208   0.001 0.002 0.003 0.001 0.001 0.001 
 212   0.002 0.001 0.008 0.007 0.002 0.004 
 244   0.001 0.007 0.002 0.001 0.005 0.001 
 152   0.015 0.003 0.060 0.041 0.009 0.022 
 200   0.005 0.003 0.013 0.025 0.007 0.003 
 136   0.002 0.001 0.003 0.001 0.001 0.006 
 204   0.007 0.001 0.006 0.010 0.001 0.003 
 252   0.002 0.008 0.002 0.002 0.002 0.002 
 150   0.002 0.001 0.002 0.001 0.001 0.002 
 148   0.004 0.001 0.005 0.005 0.003 0.002 
 140   0.017 0.002 0.050 0.008 0.002 0.003 
 248   0.003 0.004 0.002 0.001 0.001 0.002 
 232   0.002 0.001 0.002 0.004 0.004 0.005 
 240   0.003 0.001 0.002 0.001 0.001 0.003 
 216   0.003 0.001 0.004 0.002 0.001 0.002 
 182   0.001 0.001 0.002 0.001 0.001 0.002 
 236   0.002 0.001 0.002 0.002 0.001 0.002 
 224   0.002 0.001 0.005 0.006 0.001 0.002 
 144   0.001 0.001 0.004 0.004 0.001 0.001 

Locus 2 : Omy77 
32 alleles
9.8% missing data
  98   0.186 0.064 0.060 0.294 0.115 0.186 
 102   0.280 0.174 0.067 0.062 0.317 0.110 
 132   0.063 0.018 0.037 0.102 0.026 0.046 
 106   0.032 0.106 0.040 0.067 0.049 0.034 
 108   0.041 0.160 0.031 0.008 0.055 0.049 
  96   0.059 0.137 0.010 0.005 0.029 0.020 
 126   0.038 0.024 0.104 0.109 0.043 0.015 
 104   0.007 0.068 0.034 0.046 0.128 0.033 
 110   0.086 0.079 0.152 0.051 0.077 0.133 
 128   0.017 0.055 0.073 0.006 0.026 0.015 
  80   0.002 0.014 0.013 0.024 0.008 0.008 
 134   0.016 0.005 0.005 0.063 0.033 0.037 
 138   0.008 0.039 0.004 0.003 0.014 0.019 
  92   0.059 0.023 0.006 0.002 0.035 0.112 
 136   0.015 0.010 0.014 0.009 0.003 0.040 
 100   0.002 0.001 0.003 0.003 0.004 0.002 
 120   0.005 0.002 0.046 0.009 0.002 0.004 
 116   0.003 0.002 0.031 0.004 0.001 0.003 
  94   0.029 0.003 0.003 0.002 0.004 0.022 
 124   0.003 0.002 0.026 0.018 0.001 0.009 
 122   0.002 0.001 0.012 0.007 0.001 0.008 
 114   0.002 0.003 0.036 0.007 0.004 0.005 
 118   0.007 0.001 0.073 0.021 0.003 0.024 
 130   0.007 0.001 0.050 0.029 0.003 0.013 
 140   0.005 0.001 0.008 0.015 0.002 0.019 
  90   0.002 0.001 0.005 0.005 0.002 0.006 
 112   0.003 0.001 0.025 0.014 0.003 0.006 
 142   0.016 0.001 0.003 0.006 0.003 0.007 
  88   0.002 0.001 0.003 0.002 0.001 0.006 
 144   0.002 0.001 0.021 0.003 0.002 0.005 
 146   0.002 0.001 0.002 0.001 0.001 0.005 
  82   0.001 0.001 0.002 0.002 0.001 0.001 

Locus 3 : OtsG243 
12 alleles
9.0% missing data
  58   0.052 0.366 0.040 0.014 0.120 0.049 
  84   0.867 0.602 0.766 0.899 0.827 0.842 
  80   0.029 0.020 0.081 0.039 0.024 0.045 
  88   0.039 0.003 0.047 0.022 0.020 0.043 
  76   0.003 0.002 0.011 0.012 0.001 0.009 
  78   0.002 0.002 0.034 0.004 0.001 0.003 
  82   0.001 0.002 0.002 0.001 0.001 0.001 
 108   0.002 0.001 0.003 0.002 0.001 0.001 
 112   0.002 0.001 0.003 0.002 0.001 0.001 
 102   0.002 0.001 0.004 0.002 0.001 0.001 
  66   0.001 0.001 0.006 0.001 0.001 0.002 
  62   0.001 0.001 0.003 0.001 0.001 0.001 

Locus 4 : OtsG401 
16 alleles
6.2% missing data
 117   0.133 0.184 0.087 0.216 0.173 0.101 
 111   0.038 0.043 0.183 0.197 0.117 0.077 
 113   0.337 0.206 0.097 0.183 0.273 0.289 
 109   0.418 0.535 0.559 0.347 0.383 0.442 
 105   0.003 0.005 0.010 0.003 0.003 0.011 
 103   0.002 0.004 0.014 0.005 0.005 0.013 
 115   0.010 0.005 0.009 0.005 0.007 0.021 
 119   0.009 0.001 0.002 0.006 0.007 0.008 
  93   0.001 0.002 0.002 0.001 0.002 0.001 
 101   0.003 0.002 0.014 0.004 0.005 0.011 
 107   0.014 0.007 0.013 0.015 0.011 0.009 
 123   0.001 0.002 0.002 0.005 0.001 0.001 
  97   0.002 0.001 0.003 0.002 0.003 0.004 
 121   0.024 0.001 0.002 0.005 0.009 0.003 
  99   0.003 0.001 0.004 0.002 0.001 0.004 
 127   0.001 0.001 0.002 0.003 0.001 0.005 

Locus 5 : OtsG253b 
37 alleles
8.3% missing data
 173   0.047 0.008 0.004 0.007 0.018 0.044 
 185   0.003 0.028 0.013 0.003 0.006 0.005 
 229   0.056 0.039 0.054 0.051 0.010 0.053 
 217   0.074 0.065 0.065 0.070 0.095 0.090 
 225   0.070 0.025 0.105 0.063 0.034 0.084 
 209   0.077 0.080 0.048 0.109 0.082 0.075 
 213   0.199 0.087 0.057 0.106 0.160 0.115 
 269   0.006 0.005 0.009 0.012 0.018 0.009 
 237   0.060 0.024 0.038 0.051 0.005 0.072 
 233   0.026 0.043 0.056 0.067 0.053 0.058 
 253   0.004 0.006 0.022 0.042 0.018 0.026 
 193   0.019 0.018 0.007 0.005 0.036 0.015 
 257   0.005 0.006 0.016 0.006 0.009 0.006 
 245   0.017 0.091 0.072 0.077 0.047 0.019 
 181   0.007 0.110 0.004 0.003 0.027 0.009 
 221   0.067 0.060 0.093 0.033 0.039 0.055 
 205   0.069 0.064 0.043 0.039 0.058 0.099 
 189   0.018 0.076 0.007 0.002 0.112 0.006 
 241   0.005 0.078 0.093 0.043 0.018 0.042 
 249   0.017 0.020 0.044 0.024 0.072 0.010 
 201   0.085 0.031 0.047 0.076 0.043 0.058 
 273   0.009 0.005 0.003 0.032 0.012 0.007 
 317   0.001 0.001 0.001 0.001 0.002 0.002 
 197   0.025 0.007 0.004 0.012 0.003 0.017 
 265   0.008 0.003 0.045 0.020 0.005 0.003 
 261   0.002 0.003 0.019 0.005 0.005 0.002 
 207   0.003 0.002 0.002 0.001 0.001 0.001 
 277   0.002 0.002 0.003 0.008 0.002 0.003 
 177   0.004 0.005 0.005 0.012 0.001 0.002 
 309   0.001 0.001 0.002 0.002 0.001 0.001 
 169   0.003 0.001 0.004 0.002 0.001 0.002 
 211   0.004 0.001 0.002 0.001 0.001 0.001 
 281   0.001 0.001 0.002 0.007 0.001 0.001 
 251   0.001 0.001 0.002 0.003 0.001 0.001 
 285   0.001 0.001 0.004 0.002 0.001 0.002 
 289   0.001 0.001 0.003 0.001 0.001 0.001 
 165   0.001 0.001 0.003 0.001 0.001 0.001 

Locus 6 : One11b 
8 alleles
6.5% missing data
 118   0.492 0.366 0.380 0.264 0.495 0.473 
 120   0.052 0.060 0.037 0.014 0.053 0.044 
 124   0.017 0.159 0.009 0.004 0.049 0.034 
 116   0.420 0.405 0.552 0.705 0.395 0.440 
 114   0.013 0.002 0.016 0.008 0.004 0.002 
 122   0.002 0.006 0.002 0.003 0.003 0.004 
 128   0.002 0.001 0.002 0.001 0.001 0.002 
 112   0.001 0.001 0.003 0.001 0.001 0.001 

Locus 7 : OtsG43 
26 alleles
7.0% missing data
 167   0.092 0.113 0.051 0.046 0.065 0.075 
 187   0.028 0.241 0.080 0.032 0.108 0.079 
 183   0.118 0.111 0.077 0.054 0.131 0.099 
 179   0.216 0.117 0.052 0.049 0.142 0.179 
 195   0.025 0.007 0.102 0.106 0.022 0.027 
 171   0.048 0.127 0.085 0.079 0.133 0.081 
 175   0.117 0.049 0.065 0.030 0.067 0.049 
 155   0.179 0.013 0.055 0.182 0.055 0.100 
 199   0.043 0.016 0.056 0.097 0.018 0.051 
 163   0.024 0.083 0.013 0.064 0.057 0.023 
 159   0.038 0.009 0.054 0.046 0.101 0.104 
 191   0.019 0.061 0.132 0.067 0.021 0.024 
 203   0.004 0.013 0.033 0.028 0.017 0.005 
 147   0.004 0.012 0.019 0.026 0.003 0.004 
 207   0.003 0.012 0.033 0.030 0.011 0.011 
 215   0.009 0.003 0.028 0.015 0.002 0.019 
 223   0.002 0.004 0.003 0.001 0.013 0.008 
 227   0.001 0.002 0.005 0.001 0.001 0.001 
 211   0.012 0.001 0.033 0.018 0.023 0.019 
 219   0.010 0.001 0.005 0.017 0.003 0.028 
 231   0.002 0.001 0.002 0.001 0.001 0.002 
 235   0.002 0.001 0.002 0.003 0.001 0.004 
 287   0.002 0.001 0.003 0.002 0.001 0.001 
 149   0.001 0.001 0.002 0.004 0.001 0.001 
 139   0.001 0.001 0.007 0.001 0.001 0.001 
 151   0.001 0.001 0.007 0.001 0.001 0.001 

Locus 8 : Ssa85 
29 alleles
11.2% missing data
 149   0.169 0.252 0.045 0.090 0.164 0.161 
 165   0.063 0.056 0.112 0.073 0.129 0.080 
 157   0.116 0.184 0.118 0.064 0.185 0.071 
 185   0.043 0.023 0.044 0.055 0.019 0.042 
 169   0.093 0.074 0.112 0.041 0.042 0.060 
 153   0.246 0.094 0.151 0.323 0.129 0.295 
 151   0.002 0.004 0.002 0.013 0.002 0.009 
 145   0.019 0.057 0.021 0.038 0.029 0.018 
 161   0.060 0.160 0.111 0.078 0.183 0.057 
 159   0.001 0.002 0.006 0.005 0.004 0.002 
 155   0.002 0.002 0.002 0.002 0.001 0.003 
 173   0.063 0.037 0.103 0.023 0.014 0.032 
 181   0.006 0.006 0.033 0.029 0.006 0.022 
 193   0.055 0.007 0.007 0.041 0.004 0.049 
 189   0.009 0.005 0.051 0.040 0.003 0.008 
 177   0.007 0.018 0.041 0.036 0.049 0.034 
 163   0.001 0.002 0.003 0.004 0.002 0.004 
 201   0.004 0.003 0.002 0.002 0.003 0.003 
 141   0.002 0.001 0.004 0.008 0.002 0.003 
 205   0.002 0.002 0.005 0.006 0.011 0.003 
 175   0.002 0.001 0.002 0.002 0.002 0.002 
 147   0.003 0.004 0.002 0.003 0.001 0.001 
 197   0.018 0.001 0.005 0.013 0.004 0.017 
 209   0.007 0.001 0.002 0.004 0.006 0.016 
 183   0.002 0.001 0.002 0.002 0.001 0.003 
 191   0.001 0.001 0.002 0.003 0.001 0.001 
 195   0.001 0.001 0.003 0.003 0.001 0.001 
 199   0.001 0.001 0.003 0.002 0.001 0.001 
 167   0.001 0.001 0.006 0.002 0.001 0.001 

Locus 9 : OtsG85 
50 alleles
11.5% missing data
 129   0.008 0.005 0.005 0.028 0.006 0.017 
 169   0.048 0.039 0.048 0.087 0.035 0.077 
 213   0.009 0.088 0.027 0.022 0.022 0.050 
 337   0.001 0.008 0.002 0.001 0.001 0.001 
 189   0.067 0.078 0.033 0.018 0.078 0.039 
 225   0.022 0.031 0.008 0.002 0.035 0.007 
 205   0.059 0.077 0.018 0.021 0.048 0.034 
 221   0.045 0.035 0.011 0.004 0.021 0.045 
 233   0.016 0.028 0.002 0.005 0.024 0.008 
 289   0.001 0.003 0.002 0.001 0.001 0.002 
 197   0.039 0.064 0.034 0.016 0.053 0.054 
 133   0.003 0.022 0.075 0.004 0.021 0.004 
 181   0.035 0.057 0.048 0.065 0.070 0.071 
 201   0.019 0.024 0.018 0.040 0.046 0.022 
 217   0.014 0.020 0.006 0.025 0.055 0.033 
 237   0.004 0.009 0.004 0.002 0.016 0.005 
 177   0.055 0.036 0.081 0.148 0.013 0.073 
 185   0.026 0.041 0.044 0.015 0.031 0.063 
 209   0.063 0.063 0.014 0.033 0.032 0.039 
 161   0.025 0.015 0.036 0.057 0.017 0.062 
 153   0.005 0.022 0.060 0.046 0.018 0.018 
 229   0.028 0.034 0.005 0.002 0.028 0.011 
 285   0.003 0.013 0.006 0.002 0.002 0.005 
 145   0.058 0.018 0.019 0.025 0.023 0.012 
 293   0.001 0.005 0.002 0.001 0.003 0.002 
 193   0.036 0.044 0.028 0.055 0.041 0.043 
 149   0.017 0.017 0.081 0.033 0.011 0.027 
 165   0.070 0.011 0.018 0.046 0.025 0.020 
 277   0.002 0.006 0.004 0.003 0.008 0.002 
 141   0.077 0.017 0.049 0.042 0.030 0.033 
 157   0.022 0.011 0.057 0.024 0.013 0.027 
 241   0.011 0.003 0.002 0.002 0.005 0.006 
 173   0.034 0.021 0.081 0.085 0.045 0.028 
 137   0.024 0.008 0.036 0.016 0.078 0.020 
 253   0.004 0.003 0.002 0.002 0.011 0.002 
 261   0.001 0.003 0.002 0.001 0.001 0.001 
 125   0.001 0.001 0.006 0.002 0.003 0.003 
 121   0.001 0.001 0.002 0.001 0.002 0.002 
 281   0.001 0.005 0.006 0.002 0.004 0.002 
 273   0.005 0.007 0.002 0.001 0.001 0.002 
 345   0.001 0.003 0.002 0.001 0.006 0.002 
 257   0.003 0.001 0.002 0.001 0.003 0.004 
 249   0.011 0.001 0.002 0.001 0.002 0.003 
 245   0.012 0.001 0.003 0.001 0.002 0.009 
 309   0.001 0.001 0.002 0.001 0.002 0.001 
 313   0.003 0.001 0.002 0.001 0.001 0.002 
 329   0.002 0.001 0.002 0.001 0.001 0.003 
 305   0.002 0.001 0.002 0.001 0.001 0.003 
 191   0.002 0.001 0.002 0.002 0.001 0.002 
 109   0.001 0.001 0.005 0.001 0.001 0.001 

Locus 10 : Oki23 
24 alleles
6.0% missing data
 142   0.152 0.312 0.066 0.137 0.139 0.096 
 194   0.046 0.054 0.005 0.004 0.022 0.036 
 182   0.032 0.014 0.014 0.019 0.016 0.030 
 178   0.038 0.031 0.007 0.019 0.035 0.059 
 150   0.088 0.053 0.132 0.037 0.023 0.038 
 170   0.033 0.033 0.062 0.026 0.080 0.036 
 174   0.052 0.011 0.037 0.026 0.045 0.056 
 146   0.071 0.032 0.140 0.158 0.025 0.120 
 186   0.041 0.026 0.012 0.018 0.031 0.040 
 190   0.045 0.094 0.006 0.014 0.078 0.023 
 166   0.080 0.013 0.030 0.047 0.013 0.059 
 158   0.072 0.029 0.103 0.055 0.048 0.024 
 138   0.016 0.065 0.047 0.054 0.033 0.048 
 198   0.011 0.012 0.002 0.010 0.003 0.031 
 154   0.066 0.129 0.104 0.099 0.225 0.057 
 162   0.058 0.033 0.095 0.071 0.046 0.088 
 122   0.006 0.010 0.002 0.002 0.013 0.005 
 130   0.011 0.006 0.006 0.019 0.006 0.026 
 126   0.058 0.010 0.029 0.106 0.051 0.057 
 134   0.015 0.025 0.093 0.074 0.056 0.065 
 118   0.001 0.005 0.001 0.001 0.001 0.001 
 202   0.006 0.002 0.001 0.001 0.001 0.003 
 218   0.001 0.001 0.002 0.001 0.010 0.001 
 210   0.001 0.001 0.003 0.001 0.001 0.001 

Locus 11 : One13b 
29 alleles
7.4% missing data
 214   0.013 0.102 0.024 0.029 0.029 0.016 
 234   0.022 0.095 0.032 0.011 0.135 0.030 
 212   0.176 0.239 0.082 0.188 0.194 0.198 
 220   0.062 0.148 0.062 0.080 0.120 0.071 
 222   0.307 0.164 0.174 0.169 0.138 0.270 
 228   0.044 0.105 0.107 0.088 0.063 0.073 
 208   0.107 0.006 0.049 0.028 0.064 0.074 
 216   0.029 0.007 0.061 0.015 0.016 0.035 
 232   0.004 0.018 0.031 0.003 0.020 0.002 
 218   0.013 0.023 0.038 0.051 0.023 0.019 
 242   0.005 0.009 0.007 0.020 0.006 0.019 
 240   0.004 0.021 0.024 0.024 0.015 0.003 
 236   0.041 0.015 0.030 0.007 0.045 0.010 
 224   0.044 0.019 0.067 0.064 0.066 0.096 
 312   0.001 0.001 0.002 0.001 0.002 0.002 
 230   0.053 0.007 0.064 0.039 0.006 0.041 
 226   0.014 0.003 0.089 0.042 0.009 0.003 
 210   0.007 0.003 0.003 0.007 0.005 0.002 
 248   0.004 0.003 0.009 0.048 0.008 0.005 
 206   0.030 0.003 0.009 0.035 0.024 0.007 
 238   0.006 0.003 0.008 0.006 0.004 0.011 
 252   0.001 0.001 0.002 0.014 0.001 0.003 
 310   0.002 0.001 0.002 0.005 0.001 0.002 
 294   0.001 0.001 0.002 0.003 0.001 0.001 
 250   0.001 0.001 0.002 0.010 0.001 0.001 
 306   0.001 0.001 0.002 0.003 0.002 0.002 
 254   0.001 0.001 0.006 0.006 0.001 0.001 
 260   0.001 0.001 0.005 0.002 0.001 0.001 
 256   0.001 0.001 0.009 0.002 0.001 0.001 

Locus 12 : Ots1b 
26 alleles
14.8% missing data
 201   0.002 0.019 0.003 0.005 0.010 0.003 
 205   0.021 0.062 0.003 0.003 0.042 0.026 
 215   0.446 0.302 0.130 0.318 0.333 0.371 
 213   0.208 0.348 0.344 0.242 0.289 0.213 
 221   0.004 0.033 0.019 0.018 0.038 0.030 
 217   0.043 0.111 0.019 0.018 0.151 0.027 
 219   0.031 0.005 0.002 0.003 0.002 0.019 
 293   0.020 0.053 0.074 0.107 0.030 0.061 
 291   0.020 0.022 0.187 0.027 0.010 0.037 
 211   0.015 0.014 0.002 0.001 0.012 0.007 
 209   0.049 0.001 0.044 0.127 0.034 0.044 
 225   0.007 0.001 0.032 0.034 0.012 0.014 
 305   0.001 0.002 0.002 0.001 0.001 0.002 
 223   0.031 0.001 0.005 0.002 0.002 0.049 
 237   0.005 0.004 0.018 0.022 0.006 0.010 
 233   0.042 0.011 0.002 0.002 0.010 0.022 
 229   0.003 0.003 0.011 0.006 0.002 0.003 
 295   0.029 0.001 0.017 0.027 0.005 0.038 
 239   0.002 0.001 0.005 0.002 0.001 0.002 
 243   0.002 0.001 0.003 0.002 0.001 0.002 
 287   0.009 0.001 0.038 0.020 0.003 0.003 
 289   0.003 0.001 0.007 0.004 0.001 0.009 
 279   0.003 0.002 0.011 0.003 0.002 0.004 
 321   0.001 0.001 0.005 0.001 0.001 0.002 
 207   0.001 0.001 0.009 0.001 0.001 0.002 
 283   0.002 0.001 0.007 0.001 0.001 0.002 

Locus 13 : OtsG3 
32 alleles
3.7% missing data
 147   0.645 0.714 0.430 0.627 0.713 0.680 
 151   0.078 0.027 0.078 0.031 0.025 0.060 
 195   0.010 0.039 0.006 0.005 0.025 0.007 
 199   0.005 0.005 0.024 0.008 0.001 0.006 
 211   0.002 0.030 0.003 0.008 0.013 0.005 
 139   0.113 0.130 0.256 0.109 0.107 0.071 
 215   0.003 0.002 0.008 0.005 0.003 0.003 
 223   0.003 0.005 0.005 0.008 0.012 0.011 
 207   0.002 0.006 0.009 0.003 0.003 0.001 
 219   0.007 0.009 0.003 0.002 0.009 0.003 
 191   0.038 0.003 0.042 0.022 0.012 0.026 
 235   0.002 0.001 0.007 0.001 0.001 0.002 
 231   0.002 0.001 0.001 0.005 0.014 0.001 
 203   0.012 0.012 0.005 0.011 0.004 0.006 
 163   0.001 0.002 0.003 0.005 0.001 0.001 
 239   0.002 0.002 0.002 0.006 0.006 0.002 
 227   0.003 0.002 0.006 0.007 0.001 0.002 
 187   0.021 0.001 0.002 0.046 0.001 0.055 
 183   0.015 0.001 0.025 0.023 0.005 0.013 
 143   0.006 0.001 0.002 0.005 0.024 0.003 
 175   0.002 0.001 0.017 0.021 0.002 0.008 
 171   0.006 0.001 0.009 0.005 0.003 0.014 
 179   0.005 0.001 0.029 0.007 0.001 0.004 
 251   0.002 0.001 0.001 0.001 0.001 0.003 
 247   0.005 0.001 0.007 0.009 0.002 0.001 
 135   0.002 0.001 0.002 0.001 0.001 0.001 
 259   0.002 0.001 0.001 0.001 0.001 0.002 
 243   0.002 0.001 0.004 0.009 0.001 0.002 
 167   0.001 0.001 0.006 0.003 0.001 0.001 
 155   0.001 0.001 0.003 0.001 0.002 0.002 
 255   0.001 0.001 0.002 0.002 0.001 0.001 
 159   0.001 0.001 0.003 0.001 0.001 0.001 

Locus 14 : OtsG409 
5 alleles
4.5% missing data
  86   0.819 0.899 0.679 0.655 0.819 0.867 
  88   0.166 0.089 0.305 0.330 0.164 0.128 
  90   0.012 0.011 0.009 0.011 0.015 0.002 
  92   0.001 0.001 0.002 0.003 0.001 0.001 
  94   0.001 0.001 0.005 0.001 0.001 0.001 

Locus 15 : Ssa289 
12 alleles
7.1% missing data
 107   0.163 0.434 0.063 0.100 0.265 0.191 
 113   0.088 0.046 0.031 0.071 0.032 0.096 
 109   0.283 0.290 0.385 0.440 0.450 0.317 
 119   0.061 0.069 0.066 0.173 0.106 0.093 
 117   0.176 0.080 0.105 0.022 0.049 0.135 
 111   0.050 0.045 0.219 0.069 0.042 0.063 
 121   0.165 0.024 0.086 0.111 0.032 0.083 
 115   0.001 0.001 0.015 0.002 0.002 0.001 
 125   0.008 0.008 0.003 0.003 0.019 0.016 
 127   0.002 0.001 0.003 0.002 0.001 0.002 
 123   0.001 0.001 0.008 0.007 0.001 0.001 
 105   0.001 0.001 0.014 0.001 0.001 0.001 

Values of parameters used in structure:
DATAFILE=/Users/student/Desktop/Pat's Stuff/CaSteelhead/CaSteelhead/project_data,	OUTFILE=/Users/student/Desktop/Pat's Stuff/CaSteelhead/CaSteelhead/Steelhead_NoAdmix_Uncorrelated/Results/Steelhead_NoAdmix_Uncorrelated_run_25,	NUMINDS=2596,	NUMLOCI=15,	MISSING=-9,	LABEL=1,	POPDATA=1,	POPFLAG=0,	PHENOTYPE=0,	EXTRACOLS=0,	MAXPOPS=6,	BURNIN=50000,	NUMREPS=150000,	USEPOPINFO=0,	INFERALPHA=1,	INFERLAMBDA=0,	POPSPECIFICLAMBDA=0,	POPALPHAS=0,	COMPUTEPROB=1,	NOADMIX=1,	ADMBURNIN=25000,	UPDATEFREQ=1,	PRINTLIKES=0,	INTERMEDSAVE=0,	PRINTKLD=0,	PRINTNET=0,	PRINTLAMBDA=0,	ANCESTDIST=0,	NUMBOXES=1000,	ANCESTPINT=0.90000,	GENSBACK=2,	MIGRPRIOR=0.05000,	PRINTQHAT=0,	PRINTQSUM=0,	ALPHA=1.0000,	FREQSCORR=0,	FPRIORMEAN=0.1000,	FPRIORSD=0.1000,	ONEFST=0,	LAMBDA=1.0000,	UNIFPRIORALPHA=1,	ALPHAMAX=10.0000,	ALPHAPRIORA=1.0000,	ALPHAPRIORB=2.0000,	ALPHAPROPSD=0.0500,	STARTATPOPINFO=0,	RANDOMIZE=1,	LINKAGE=0,	METROFREQ=10,	REPORTHITRATE=0,	MARKOVPHASE=-1,	PHASED=0,	PLOIDY=2,	PHASEINFO=0	LOCPRIOR=0, 	LOCPRIORINIT=1.000000, 	LOCDATA=0, 	LOCISPOP=0, 	LOCPRIORSTEP=0.100000, 	MAXLOCPRIOR=20.000000, 	SEED=1399067522,	
[STRAT parameters]:    NUMSIMSTATS=1000,	PHENOTYPECOL=-9,	POOLFREQ=10,	LOCUSxONLY=0,	EMERROR=0.00100,	MISSINGPHENO=-9,	