

----------------------------------------------------
STRUCTURE by Pritchard, Stephens and Donnelly (2000)
     and Falush, Stephens and Pritchard (2003)
       Code by Pritchard, Falush and Hubisz
             Version 2.3.4 (Jul 2012)
----------------------------------------------------



Command line arguments:   bin/structure -m "/Users/student/Desktop/Pat's Stuff/CaSteelhead/CaSteelhead/Steelhead_NoAdmix_Uncorrelated/mainparams" -e "/Users/student/Desktop/Pat's Stuff/CaSteelhead/CaSteelhead/Steelhead_NoAdmix_Uncorrelated/extraparams" 
Input File:    /Users/student/Desktop/Pat's Stuff/CaSteelhead/CaSteelhead/project_data

Run parameters:
   2596 individuals
   15 loci
   4 populations assumed
   50000 Burn-in period
   150000 Reps
NO ADMIXTURE model assumed


--------------------------------------------
Proportion of membership of each pre-defined
 population in each of the 4 clusters

Given    Inferred Clusters              Number of
 Pop       1      2      3      4      Individuals

INSERT POP_Q HERE
--------------------------------------------

Allele-freq. divergence among pops (Net nucleotide distance),
computed using point estimates of P.

      1       2       3       4      
 1      -    0.0246  0.0191  0.0164  
 2   0.0246     -    0.0313  0.0171  
 3   0.0191  0.0313     -    0.0313  
 4   0.0164  0.0171  0.0313     -    

Average distances (expected heterozygosity) between individuals in same cluster:
cluster  1  : 0.7378 
cluster  2  : 0.7837 
cluster  3  : 0.7384 
cluster  4  : 0.7505 

--------------------------------------------
Estimated Ln Prob of Data   = -141464.6
Mean value of ln likelihood = -140626.1
Variance of ln likelihood   = 1677.0
Allele frequencies uncorrelated


Inferred ancestry of individuals:
        Label (%Miss) Pop:  Inferred clusters
INSERT IND_Q HERE 


Estimated Allele Frequencies in each cluster


Locus 1 : Omy1011 
31 alleles
5.9% missing data
 164   0.108 0.142 0.228 0.118 
 168   0.126 0.127 0.250 0.094 
 172   0.094 0.071 0.151 0.068 
 184   0.081 0.069 0.030 0.129 
 176   0.074 0.088 0.077 0.096 
 188   0.135 0.063 0.046 0.090 
 132   0.001 0.002 0.015 0.001 
 160   0.086 0.094 0.013 0.067 
 192   0.110 0.032 0.057 0.041 
 180   0.082 0.095 0.052 0.102 
 156   0.017 0.025 0.036 0.038 
 196   0.032 0.027 0.011 0.045 
 208   0.001 0.003 0.001 0.001 
 212   0.002 0.007 0.001 0.007 
 244   0.001 0.001 0.006 0.002 
 152   0.015 0.058 0.004 0.037 
 200   0.004 0.011 0.004 0.020 
 136   0.002 0.003 0.001 0.003 
 204   0.004 0.006 0.001 0.008 
 252   0.001 0.001 0.005 0.002 
 150   0.001 0.001 0.001 0.001 
 148   0.002 0.004 0.001 0.005 
 140   0.009 0.048 0.001 0.005 
 248   0.002 0.001 0.003 0.001 
 232   0.001 0.002 0.002 0.006 
 240   0.002 0.002 0.001 0.001 
 216   0.002 0.003 0.001 0.001 
 182   0.001 0.001 0.001 0.001 
 236   0.001 0.001 0.001 0.002 
 224   0.001 0.005 0.001 0.005 
 144   0.001 0.003 0.001 0.003 

Locus 2 : Omy77 
32 alleles
9.8% missing data
  98   0.184 0.066 0.077 0.289 
 102   0.235 0.069 0.229 0.076 
 132   0.053 0.037 0.020 0.095 
 106   0.033 0.041 0.086 0.064 
 108   0.042 0.031 0.128 0.016 
  96   0.041 0.010 0.102 0.006 
 126   0.026 0.099 0.031 0.094 
 104   0.016 0.041 0.091 0.062 
 110   0.110 0.151 0.078 0.054 
 128   0.014 0.073 0.046 0.004 
  80   0.004 0.014 0.012 0.021 
 134   0.027 0.007 0.013 0.059 
 138   0.010 0.003 0.032 0.006 
  92   0.090 0.011 0.027 0.006 
 136   0.024 0.015 0.007 0.011 
 100   0.001 0.003 0.001 0.004 
 120   0.004 0.043 0.001 0.007 
 116   0.002 0.028 0.001 0.003 
  94   0.026 0.003 0.004 0.002 
 124   0.002 0.025 0.001 0.019 
 122   0.003 0.010 0.001 0.008 
 114   0.002 0.033 0.003 0.006 
 118   0.013 0.069 0.001 0.017 
 130   0.008 0.046 0.001 0.025 
 140   0.008 0.011 0.001 0.015 
  90   0.002 0.006 0.001 0.004 
 112   0.002 0.024 0.001 0.013 
 142   0.012 0.003 0.001 0.005 
  88   0.002 0.005 0.001 0.002 
 144   0.003 0.019 0.001 0.002 
 146   0.002 0.002 0.001 0.002 
  82   0.001 0.002 0.001 0.001 

Locus 3 : OtsG243 
12 alleles
9.0% missing data
  58   0.047 0.042 0.290 0.023 
  84   0.869 0.772 0.676 0.895 
  80   0.031 0.081 0.021 0.039 
  88   0.043 0.046 0.006 0.020 
  76   0.004 0.010 0.001 0.013 
  78   0.002 0.030 0.001 0.003 
  82   0.001 0.001 0.002 0.001 
 108   0.001 0.003 0.001 0.001 
 112   0.001 0.003 0.001 0.001 
 102   0.001 0.004 0.001 0.001 
  66   0.001 0.006 0.001 0.001 
  62   0.001 0.003 0.001 0.001 

Locus 4 : OtsG401 
16 alleles
6.2% missing data
 117   0.118 0.088 0.182 0.210 
 111   0.052 0.182 0.067 0.185 
 113   0.334 0.106 0.230 0.190 
 109   0.428 0.548 0.488 0.350 
 105   0.005 0.012 0.003 0.004 
 103   0.004 0.012 0.004 0.011 
 115   0.014 0.009 0.006 0.006 
 119   0.010 0.002 0.001 0.006 
  93   0.001 0.001 0.002 0.001 
 101   0.004 0.016 0.004 0.004 
 107   0.011 0.013 0.007 0.016 
 123   0.001 0.001 0.001 0.004 
  97   0.002 0.003 0.001 0.002 
 121   0.014 0.002 0.004 0.004 
  99   0.002 0.003 0.001 0.003 
 127   0.001 0.001 0.001 0.005 

Locus 5 : OtsG253b 
37 alleles
8.3% missing data
 173   0.051 0.005 0.010 0.008 
 185   0.002 0.012 0.020 0.005 
 229   0.052 0.052 0.029 0.048 
 217   0.086 0.068 0.073 0.079 
 225   0.071 0.106 0.028 0.064 
 209   0.074 0.050 0.083 0.107 
 213   0.178 0.064 0.105 0.115 
 269   0.009 0.012 0.008 0.011 
 237   0.057 0.038 0.018 0.056 
 233   0.041 0.060 0.049 0.057 
 253   0.010 0.026 0.009 0.042 
 193   0.020 0.006 0.027 0.006 
 257   0.004 0.015 0.007 0.006 
 245   0.014 0.067 0.078 0.072 
 181   0.007 0.004 0.085 0.002 
 221   0.063 0.089 0.052 0.033 
 205   0.082 0.042 0.064 0.050 
 189   0.020 0.009 0.095 0.004 
 241   0.017 0.088 0.059 0.040 
 249   0.017 0.042 0.039 0.027 
 201   0.074 0.050 0.032 0.074 
 273   0.008 0.003 0.007 0.029 
 317   0.001 0.001 0.001 0.001 
 197   0.022 0.004 0.005 0.010 
 265   0.005 0.041 0.003 0.018 
 261   0.001 0.017 0.004 0.004 
 207   0.001 0.002 0.001 0.001 
 277   0.001 0.004 0.002 0.007 
 177   0.002 0.004 0.003 0.009 
 309   0.001 0.002 0.001 0.001 
 169   0.002 0.004 0.001 0.001 
 211   0.002 0.001 0.001 0.001 
 281   0.001 0.001 0.001 0.005 
 251   0.001 0.001 0.001 0.002 
 285   0.001 0.003 0.001 0.002 
 289   0.001 0.003 0.001 0.001 
 165   0.001 0.003 0.001 0.001 

Locus 6 : One11b 
8 alleles
6.5% missing data
 118   0.505 0.386 0.409 0.296 
 120   0.055 0.036 0.057 0.013 
 124   0.024 0.009 0.123 0.009 
 116   0.407 0.548 0.402 0.669 
 114   0.005 0.016 0.002 0.008 
 122   0.002 0.001 0.005 0.003 
 128   0.001 0.001 0.001 0.001 
 112   0.001 0.003 0.001 0.001 

Locus 7 : OtsG43 
26 alleles
7.0% missing data
 167   0.081 0.051 0.098 0.054 
 187   0.053 0.079 0.199 0.039 
 183   0.116 0.077 0.120 0.063 
 179   0.207 0.054 0.128 0.069 
 195   0.023 0.098 0.011 0.092 
 171   0.068 0.089 0.131 0.079 
 175   0.092 0.065 0.054 0.031 
 155   0.147 0.055 0.024 0.163 
 199   0.038 0.058 0.017 0.091 
 163   0.023 0.016 0.077 0.060 
 159   0.072 0.062 0.040 0.054 
 191   0.016 0.125 0.046 0.061 
 203   0.003 0.032 0.015 0.023 
 147   0.003 0.017 0.008 0.021 
 207   0.005 0.030 0.011 0.027 
 215   0.008 0.027 0.002 0.020 
 223   0.006 0.003 0.006 0.002 
 227   0.001 0.004 0.002 0.001 
 211   0.015 0.032 0.008 0.020 
 219   0.018 0.006 0.001 0.016 
 231   0.001 0.001 0.001 0.001 
 235   0.001 0.002 0.001 0.005 
 287   0.001 0.002 0.001 0.001 
 149   0.001 0.002 0.001 0.003 
 139   0.001 0.006 0.001 0.001 
 151   0.001 0.006 0.001 0.001 

Locus 8 : Ssa85 
29 alleles
11.2% missing data
 149   0.167 0.055 0.227 0.104 
 165   0.085 0.110 0.081 0.068 
 157   0.110 0.117 0.189 0.063 
 185   0.038 0.046 0.022 0.053 
 169   0.078 0.106 0.062 0.042 
 153   0.256 0.164 0.103 0.321 
 151   0.004 0.002 0.003 0.013 
 145   0.016 0.023 0.048 0.037 
 161   0.066 0.108 0.170 0.089 
 159   0.001 0.006 0.003 0.003 
 155   0.001 0.001 0.002 0.001 
 173   0.044 0.099 0.029 0.022 
 181   0.013 0.030 0.006 0.025 
 193   0.051 0.008 0.005 0.038 
 189   0.007 0.045 0.004 0.034 
 177   0.022 0.041 0.028 0.036 
 163   0.001 0.003 0.002 0.005 
 201   0.003 0.001 0.002 0.001 
 141   0.001 0.004 0.001 0.008 
 205   0.002 0.006 0.006 0.005 
 175   0.001 0.002 0.001 0.001 
 147   0.002 0.001 0.003 0.002 
 197   0.017 0.005 0.001 0.012 
 209   0.011 0.002 0.001 0.006 
 183   0.001 0.003 0.001 0.002 
 191   0.001 0.001 0.001 0.002 
 195   0.001 0.003 0.001 0.002 
 199   0.001 0.003 0.001 0.001 
 167   0.001 0.006 0.001 0.001 

Locus 9 : OtsG85 
50 alleles
11.5% missing data
 129   0.009 0.005 0.004 0.031 
 169   0.057 0.048 0.039 0.085 
 213   0.026 0.026 0.066 0.023 
 337   0.001 0.001 0.005 0.001 
 189   0.065 0.035 0.076 0.022 
 225   0.019 0.010 0.033 0.002 
 205   0.050 0.019 0.069 0.022 
 221   0.045 0.015 0.031 0.006 
 233   0.012 0.002 0.029 0.004 
 289   0.001 0.001 0.002 0.001 
 197   0.048 0.035 0.063 0.019 
 133   0.004 0.069 0.022 0.004 
 181   0.055 0.055 0.061 0.063 
 201   0.021 0.020 0.031 0.043 
 217   0.026 0.006 0.034 0.028 
 237   0.004 0.004 0.013 0.002 
 177   0.058 0.081 0.028 0.129 
 185   0.044 0.045 0.038 0.018 
 209   0.057 0.015 0.051 0.032 
 161   0.035 0.034 0.016 0.064 
 153   0.008 0.057 0.021 0.041 
 229   0.024 0.004 0.033 0.002 
 285   0.002 0.006 0.009 0.001 
 145   0.039 0.018 0.019 0.025 
 293   0.001 0.002 0.004 0.001 
 193   0.039 0.030 0.043 0.054 
 149   0.016 0.075 0.015 0.035 
 165   0.050 0.020 0.013 0.043 
 277   0.001 0.004 0.007 0.004 
 141   0.061 0.052 0.017 0.039 
 157   0.023 0.055 0.011 0.022 
 241   0.009 0.001 0.004 0.002 
 173   0.027 0.077 0.030 0.084 
 137   0.025 0.038 0.034 0.023 
 253   0.003 0.002 0.005 0.002 
 261   0.001 0.001 0.002 0.001 
 125   0.001 0.007 0.002 0.002 
 121   0.001 0.001 0.001 0.001 
 281   0.001 0.005 0.004 0.002 
 273   0.003 0.001 0.005 0.001 
 345   0.001 0.002 0.004 0.001 
 257   0.003 0.001 0.001 0.001 
 249   0.007 0.002 0.001 0.001 
 245   0.011 0.003 0.001 0.001 
 309   0.001 0.001 0.001 0.002 
 313   0.002 0.001 0.001 0.001 
 329   0.002 0.001 0.001 0.001 
 305   0.001 0.001 0.001 0.001 
 191   0.001 0.001 0.001 0.002 
 109   0.001 0.004 0.001 0.001 

Locus 10 : Oki23 
24 alleles
6.0% missing data
 142   0.129 0.067 0.257 0.129 
 194   0.042 0.005 0.042 0.010 
 182   0.026 0.015 0.015 0.025 
 178   0.047 0.008 0.034 0.025 
 150   0.064 0.122 0.043 0.033 
 170   0.044 0.060 0.049 0.025 
 174   0.058 0.040 0.020 0.030 
 146   0.085 0.138 0.028 0.144 
 186   0.037 0.019 0.028 0.021 
 190   0.038 0.007 0.090 0.020 
 166   0.065 0.029 0.012 0.050 
 158   0.054 0.096 0.035 0.047 
 138   0.025 0.049 0.054 0.055 
 198   0.017 0.004 0.008 0.014 
 154   0.074 0.109 0.167 0.100 
 162   0.071 0.093 0.038 0.068 
 122   0.006 0.002 0.011 0.003 
 130   0.018 0.006 0.006 0.018 
 126   0.062 0.032 0.019 0.099 
 134   0.032 0.093 0.035 0.079 
 118   0.001 0.001 0.003 0.001 
 202   0.004 0.001 0.001 0.001 
 218   0.001 0.002 0.004 0.002 
 210   0.001 0.003 0.001 0.001 

Locus 11 : One13b 
29 alleles
7.4% missing data
 214   0.012 0.025 0.079 0.025 
 234   0.034 0.031 0.114 0.019 
 212   0.191 0.087 0.225 0.196 
 220   0.067 0.062 0.144 0.082 
 222   0.287 0.182 0.154 0.178 
 228   0.053 0.104 0.093 0.084 
 208   0.099 0.056 0.021 0.033 
 216   0.032 0.058 0.009 0.016 
 232   0.002 0.029 0.020 0.003 
 218   0.014 0.038 0.022 0.047 
 242   0.011 0.007 0.008 0.017 
 240   0.002 0.022 0.020 0.021 
 236   0.031 0.031 0.023 0.012 
 224   0.068 0.067 0.034 0.072 
 312   0.001 0.001 0.001 0.001 
 230   0.043 0.061 0.006 0.039 
 226   0.008 0.082 0.004 0.034 
 210   0.004 0.003 0.003 0.006 
 248   0.003 0.010 0.003 0.041 
 206   0.021 0.009 0.009 0.032 
 238   0.008 0.007 0.002 0.007 
 252   0.001 0.001 0.001 0.012 
 310   0.001 0.002 0.001 0.005 
 294   0.001 0.001 0.001 0.002 
 250   0.001 0.002 0.001 0.008 
 306   0.001 0.002 0.001 0.003 
 254   0.001 0.005 0.001 0.004 
 260   0.001 0.005 0.001 0.001 
 256   0.001 0.008 0.001 0.001 

Locus 12 : Ots1b 
26 alleles
14.8% missing data
 201   0.002 0.003 0.016 0.005 
 205   0.027 0.002 0.055 0.007 
 215   0.427 0.140 0.317 0.326 
 213   0.207 0.345 0.330 0.249 
 221   0.013 0.019 0.038 0.019 
 217   0.049 0.023 0.128 0.024 
 219   0.024 0.002 0.003 0.005 
 293   0.032 0.069 0.047 0.100 
 291   0.022 0.181 0.015 0.024 
 211   0.011 0.003 0.013 0.002 
 209   0.047 0.047 0.009 0.114 
 225   0.007 0.030 0.003 0.035 
 305   0.001 0.001 0.001 0.001 
 223   0.039 0.007 0.001 0.004 
 237   0.006 0.018 0.003 0.021 
 233   0.035 0.001 0.011 0.002 
 229   0.002 0.011 0.002 0.005 
 295   0.031 0.018 0.001 0.028 
 239   0.001 0.005 0.001 0.001 
 243   0.001 0.003 0.001 0.001 
 287   0.006 0.035 0.001 0.016 
 289   0.005 0.007 0.001 0.004 
 279   0.003 0.010 0.001 0.003 
 321   0.001 0.004 0.001 0.001 
 207   0.001 0.008 0.001 0.001 
 283   0.001 0.007 0.001 0.001 

Locus 13 : OtsG3 
32 alleles
3.7% missing data
 147   0.687 0.451 0.723 0.645 
 151   0.070 0.073 0.026 0.033 
 195   0.009 0.007 0.035 0.007 
 199   0.004 0.023 0.003 0.007 
 211   0.003 0.004 0.025 0.007 
 139   0.095 0.247 0.122 0.097 
 215   0.003 0.007 0.001 0.005 
 223   0.007 0.005 0.007 0.009 
 207   0.001 0.008 0.005 0.002 
 219   0.004 0.002 0.010 0.002 
 191   0.031 0.039 0.006 0.022 
 235   0.001 0.006 0.001 0.001 
 231   0.001 0.002 0.006 0.005 
 203   0.008 0.006 0.009 0.010 
 163   0.001 0.003 0.001 0.004 
 239   0.002 0.001 0.002 0.005 
 227   0.002 0.005 0.001 0.006 
 187   0.030 0.005 0.001 0.049 
 183   0.013 0.022 0.002 0.020 
 143   0.006 0.002 0.010 0.006 
 175   0.001 0.016 0.001 0.021 
 171   0.007 0.011 0.001 0.007 
 179   0.004 0.026 0.001 0.006 
 251   0.002 0.001 0.001 0.001 
 247   0.002 0.007 0.001 0.007 
 135   0.001 0.002 0.001 0.001 
 259   0.001 0.001 0.001 0.002 
 243   0.001 0.004 0.001 0.007 
 167   0.001 0.005 0.001 0.002 
 155   0.001 0.003 0.001 0.001 
 255   0.001 0.002 0.001 0.001 
 159   0.001 0.002 0.001 0.001 

Locus 14 : OtsG409 
5 alleles
4.5% missing data
  86   0.846 0.685 0.878 0.686 
  88   0.144 0.301 0.110 0.300 
  90   0.008 0.009 0.011 0.011 
  92   0.001 0.001 0.001 0.002 
  94   0.001 0.004 0.001 0.001 

Locus 15 : Ssa289 
12 alleles
7.1% missing data
 107   0.182 0.072 0.383 0.120 
 113   0.085 0.033 0.043 0.074 
 109   0.316 0.389 0.340 0.430 
 119   0.076 0.068 0.081 0.162 
 117   0.157 0.102 0.069 0.030 
 111   0.048 0.208 0.044 0.065 
 121   0.121 0.088 0.024 0.107 
 115   0.001 0.013 0.001 0.001 
 125   0.012 0.005 0.013 0.002 
 127   0.001 0.003 0.001 0.003 
 123   0.001 0.007 0.001 0.005 
 105   0.001 0.012 0.001 0.001 

Values of parameters used in structure:
DATAFILE=/Users/student/Desktop/Pat's Stuff/CaSteelhead/CaSteelhead/project_data,	OUTFILE=/Users/student/Desktop/Pat's Stuff/CaSteelhead/CaSteelhead/Steelhead_NoAdmix_Uncorrelated/Results/Steelhead_NoAdmix_Uncorrelated_run_13,	NUMINDS=2596,	NUMLOCI=15,	MISSING=-9,	LABEL=1,	POPDATA=1,	POPFLAG=0,	PHENOTYPE=0,	EXTRACOLS=0,	MAXPOPS=4,	BURNIN=50000,	NUMREPS=150000,	USEPOPINFO=0,	INFERALPHA=1,	INFERLAMBDA=0,	POPSPECIFICLAMBDA=0,	POPALPHAS=0,	COMPUTEPROB=1,	NOADMIX=1,	ADMBURNIN=25000,	UPDATEFREQ=1,	PRINTLIKES=0,	INTERMEDSAVE=0,	PRINTKLD=0,	PRINTNET=0,	PRINTLAMBDA=0,	ANCESTDIST=0,	NUMBOXES=1000,	ANCESTPINT=0.90000,	GENSBACK=2,	MIGRPRIOR=0.05000,	PRINTQHAT=0,	PRINTQSUM=0,	ALPHA=1.0000,	FREQSCORR=0,	FPRIORMEAN=0.1000,	FPRIORSD=0.1000,	ONEFST=0,	LAMBDA=1.0000,	UNIFPRIORALPHA=1,	ALPHAMAX=10.0000,	ALPHAPRIORA=1.0000,	ALPHAPRIORB=2.0000,	ALPHAPROPSD=0.0500,	STARTATPOPINFO=0,	RANDOMIZE=1,	LINKAGE=0,	METROFREQ=10,	REPORTHITRATE=0,	MARKOVPHASE=-1,	PHASED=0,	PLOIDY=2,	PHASEINFO=0	LOCPRIOR=0, 	LOCPRIORINIT=1.000000, 	LOCDATA=0, 	LOCISPOP=0, 	LOCPRIORSTEP=0.100000, 	MAXLOCPRIOR=20.000000, 	SEED=1399058899,	
[STRAT parameters]:    NUMSIMSTATS=1000,	PHENOTYPECOL=-9,	POOLFREQ=10,	LOCUSxONLY=0,	EMERROR=0.00100,	MISSINGPHENO=-9,	