

----------------------------------------------------
STRUCTURE by Pritchard, Stephens and Donnelly (2000)
     and Falush, Stephens and Pritchard (2003)
       Code by Pritchard, Falush and Hubisz
             Version 2.3.4 (Jul 2012)
----------------------------------------------------



Command line arguments:   bin/structure -m "/Users/student/Desktop/Pat's Stuff/CaSteelhead/CaSteelhead/Steelhead_NoAdmix_Uncorrelated/mainparams" -e "/Users/student/Desktop/Pat's Stuff/CaSteelhead/CaSteelhead/Steelhead_NoAdmix_Uncorrelated/extraparams" 
Input File:    /Users/student/Desktop/Pat's Stuff/CaSteelhead/CaSteelhead/project_data

Run parameters:
   2596 individuals
   15 loci
   2 populations assumed
   50000 Burn-in period
   150000 Reps
NO ADMIXTURE model assumed


--------------------------------------------
Proportion of membership of each pre-defined
 population in each of the 2 clusters

Given    Inferred Clusters       Number of
 Pop       1      2             Individuals

INSERT POP_Q HERE
--------------------------------------------

Allele-freq. divergence among pops (Net nucleotide distance),
computed using point estimates of P.

      1       2      
 1      -    0.0189  
 2   0.0189     -    

Average distances (expected heterozygosity) between individuals in same cluster:
cluster  1  : 0.7395 
cluster  2  : 0.7633 

--------------------------------------------
Estimated Ln Prob of Data   = -144072.8
Mean value of ln likelihood = -143688.6
Variance of ln likelihood   = 768.3
Allele frequencies uncorrelated


Inferred ancestry of individuals:
        Label (%Miss) Pop:  Inferred clusters
INSERT IND_Q HERE


Estimated Allele Frequencies in each cluster


Locus 1 : Omy1011 
31 alleles
5.9% missing data
 164   0.220 0.115 
 168   0.240 0.111 
 172   0.149 0.075 
 184   0.036 0.096 
 176   0.076 0.087 
 188   0.051 0.108 
 132   0.013 0.000 
 160   0.015 0.090 
 192   0.065 0.066 
 180   0.053 0.096 
 156   0.036 0.024 
 196   0.013 0.036 
 208   0.001 0.001 
 212   0.001 0.005 
 244   0.006 0.000 
 152   0.005 0.035 
 200   0.004 0.011 
 136   0.001 0.002 
 204   0.001 0.006 
 252   0.005 0.001 
 150   0.001 0.001 
 148   0.001 0.003 
 140   0.002 0.019 
 248   0.002 0.001 
 232   0.001 0.003 
 240   0.001 0.001 
 216   0.001 0.001 
 182   0.001 0.000 
 236   0.000 0.001 
 224   0.000 0.003 
 144   0.000 0.001 

Locus 2 : Omy77 
32 alleles
9.8% missing data
  98   0.088 0.193 
 102   0.237 0.133 
 132   0.022 0.064 
 106   0.080 0.044 
 108   0.118 0.029 
  96   0.094 0.020 
 126   0.031 0.068 
 104   0.087 0.033 
 110   0.079 0.108 
 128   0.042 0.027 
  80   0.011 0.011 
 134   0.016 0.032 
 138   0.029 0.006 
  92   0.034 0.042 
 136   0.006 0.020 
 100   0.001 0.002 
 120   0.001 0.016 
 116   0.001 0.009 
  94   0.006 0.012 
 124   0.001 0.014 
 122   0.001 0.006 
 114   0.003 0.011 
 118   0.002 0.031 
 130   0.001 0.025 
 140   0.002 0.011 
  90   0.001 0.003 
 112   0.001 0.011 
 142   0.002 0.007 
  88   0.000 0.002 
 144   0.001 0.007 
 146   0.000 0.002 
  82   0.000 0.001 

Locus 3 : OtsG243 
12 alleles
9.0% missing data
  58   0.264 0.030 
  84   0.699 0.863 
  80   0.021 0.048 
  88   0.010 0.037 
  76   0.001 0.008 
  78   0.001 0.009 
  82   0.001 0.000 
 108   0.000 0.001 
 112   0.000 0.001 
 102   0.000 0.001 
  66   0.000 0.002 
  62   0.000 0.001 

Locus 4 : OtsG401 
16 alleles
6.2% missing data
 117   0.176 0.139 
 111   0.068 0.130 
 113   0.239 0.229 
 109   0.480 0.439 
 105   0.003 0.006 
 103   0.004 0.008 
 115   0.007 0.009 
 119   0.002 0.006 
  93   0.001 0.000 
 101   0.004 0.006 
 107   0.008 0.013 
 123   0.001 0.001 
  97   0.001 0.001 
 121   0.004 0.008 
  99   0.000 0.002 
 127   0.000 0.002 

Locus 5 : OtsG253b 
37 alleles
8.3% missing data
 173   0.014 0.026 
 185   0.017 0.005 
 229   0.029 0.054 
 217   0.075 0.080 
 225   0.032 0.082 
 209   0.083 0.079 
 213   0.119 0.126 
 269   0.009 0.009 
 237   0.020 0.055 
 233   0.048 0.052 
 253   0.009 0.025 
 193   0.027 0.010 
 257   0.007 0.007 
 245   0.071 0.047 
 181   0.074 0.004 
 221   0.053 0.062 
 205   0.065 0.063 
 189   0.090 0.006 
 241   0.054 0.044 
 249   0.039 0.025 
 201   0.037 0.070 
 273   0.007 0.013 
 317   0.001 0.000 
 197   0.005 0.014 
 265   0.003 0.018 
 261   0.003 0.006 
 207   0.001 0.001 
 277   0.001 0.003 
 177   0.003 0.005 
 309   0.001 0.001 
 169   0.000 0.002 
 211   0.000 0.001 
 281   0.000 0.002 
 251   0.000 0.001 
 285   0.000 0.001 
 289   0.000 0.001 
 165   0.000 0.001 

Locus 6 : One11b 
8 alleles
6.5% missing data
 118   0.424 0.403 
 120   0.056 0.035 
 124   0.110 0.013 
 116   0.401 0.537 
 114   0.003 0.008 
 122   0.004 0.001 
 128   0.000 0.001 
 112   0.000 0.001 

Locus 7 : OtsG43 
26 alleles
7.0% missing data
 167   0.097 0.063 
 187   0.182 0.053 
 183   0.121 0.088 
 179   0.137 0.123 
 195   0.012 0.067 
 171   0.126 0.075 
 175   0.058 0.067 
 155   0.037 0.132 
 199   0.016 0.064 
 163   0.071 0.031 
 159   0.045 0.063 
 191   0.042 0.061 
 203   0.014 0.017 
 147   0.007 0.012 
 207   0.011 0.018 
 215   0.002 0.017 
 223   0.007 0.003 
 227   0.001 0.001 
 211   0.009 0.021 
 219   0.001 0.015 
 231   0.000 0.001 
 235   0.000 0.002 
 287   0.000 0.001 
 149   0.000 0.001 
 139   0.000 0.002 
 151   0.000 0.002 

Locus 8 : Ssa85 
29 alleles
11.2% missing data
 149   0.219 0.117 
 165   0.085 0.084 
 157   0.188 0.090 
 185   0.022 0.046 
 169   0.062 0.077 
 153   0.118 0.262 
 151   0.003 0.006 
 145   0.045 0.023 
 161   0.163 0.080 
 159   0.002 0.002 
 155   0.001 0.001 
 173   0.028 0.055 
 181   0.006 0.022 
 193   0.007 0.040 
 189   0.004 0.026 
 177   0.027 0.031 
 163   0.002 0.002 
 201   0.002 0.001 
 141   0.001 0.004 
 205   0.005 0.003 
 175   0.001 0.001 
 147   0.002 0.001 
 197   0.001 0.013 
 209   0.002 0.007 
 183   0.000 0.001 
 191   0.001 0.001 
 195   0.001 0.001 
 199   0.000 0.001 
 167   0.000 0.002 

Locus 9 : OtsG85 
50 alleles
11.5% missing data
 129   0.006 0.014 
 169   0.040 0.067 
 213   0.062 0.025 
 337   0.004 0.000 
 189   0.078 0.040 
 225   0.032 0.009 
 205   0.068 0.031 
 221   0.032 0.025 
 233   0.026 0.007 
 289   0.002 0.000 
 197   0.060 0.036 
 133   0.021 0.021 
 181   0.061 0.058 
 201   0.032 0.027 
 217   0.035 0.019 
 237   0.012 0.002 
 177   0.026 0.096 
 185   0.038 0.037 
 209   0.052 0.037 
 161   0.016 0.047 
 153   0.019 0.033 
 229   0.033 0.010 
 285   0.008 0.002 
 145   0.023 0.027 
 293   0.004 0.000 
 193   0.042 0.043 
 149   0.014 0.041 
 165   0.019 0.040 
 277   0.006 0.002 
 141   0.021 0.055 
 157   0.011 0.034 
 241   0.003 0.005 
 173   0.030 0.061 
 137   0.036 0.025 
 253   0.005 0.002 
 261   0.001 0.000 
 125   0.001 0.002 
 121   0.001 0.000 
 281   0.004 0.002 
 273   0.004 0.001 
 345   0.004 0.000 
 257   0.001 0.001 
 249   0.001 0.004 
 245   0.001 0.006 
 309   0.001 0.000 
 313   0.000 0.001 
 329   0.000 0.001 
 305   0.001 0.001 
 191   0.000 0.001 
 109   0.000 0.001 

Locus 10 : Oki23 
24 alleles
6.0% missing data
 142   0.241 0.111 
 194   0.043 0.019 
 182   0.015 0.024 
 178   0.035 0.029 
 150   0.044 0.072 
 170   0.051 0.040 
 174   0.024 0.045 
 146   0.031 0.125 
 186   0.026 0.029 
 190   0.086 0.020 
 166   0.015 0.054 
 158   0.037 0.064 
 138   0.052 0.040 
 198   0.008 0.013 
 154   0.163 0.086 
 162   0.042 0.077 
 122   0.011 0.002 
 130   0.006 0.015 
 126   0.025 0.067 
 134   0.036 0.065 
 118   0.003 0.000 
 202   0.002 0.002 
 218   0.004 0.000 
 210   0.000 0.001 

Locus 11 : One13b 
29 alleles
7.4% missing data
 214   0.070 0.020 
 234   0.108 0.024 
 212   0.225 0.164 
 220   0.136 0.069 
 222   0.166 0.231 
 228   0.091 0.076 
 208   0.032 0.066 
 216   0.010 0.035 
 232   0.018 0.009 
 218   0.021 0.032 
 242   0.008 0.012 
 240   0.017 0.014 
 236   0.026 0.023 
 224   0.036 0.072 
 312   0.001 0.000 
 230   0.007 0.050 
 226   0.005 0.037 
 210   0.003 0.004 
 248   0.003 0.018 
 206   0.011 0.021 
 238   0.002 0.007 
 252   0.000 0.004 
 310   0.000 0.002 
 294   0.000 0.001 
 250   0.000 0.003 
 306   0.001 0.001 
 254   0.000 0.003 
 260   0.000 0.001 
 256   0.000 0.002 

Locus 12 : Ots1b 
26 alleles
14.8% missing data
 201   0.015 0.002 
 205   0.053 0.011 
 215   0.331 0.318 
 213   0.322 0.258 
 221   0.036 0.016 
 217   0.123 0.028 
 219   0.004 0.012 
 293   0.045 0.067 
 291   0.015 0.069 
 211   0.012 0.005 
 209   0.012 0.073 
 225   0.004 0.023 
 305   0.001 0.000 
 223   0.002 0.021 
 237   0.004 0.014 
 233   0.012 0.015 
 229   0.002 0.005 
 295   0.002 0.028 
 239   0.001 0.002 
 243   0.001 0.001 
 287   0.001 0.017 
 289   0.001 0.005 
 279   0.001 0.004 
 321   0.000 0.001 
 207   0.001 0.002 
 283   0.001 0.002 

Locus 13 : OtsG3 
32 alleles
3.7% missing data
 147   0.726 0.613 
 151   0.027 0.062 
 195   0.032 0.007 
 199   0.003 0.010 
 211   0.022 0.003 
 139   0.120 0.139 
 215   0.002 0.004 
 223   0.008 0.006 
 207   0.004 0.003 
 219   0.009 0.002 
 191   0.007 0.032 
 235   0.000 0.002 
 231   0.006 0.002 
 203   0.009 0.007 
 163   0.001 0.002 
 239   0.003 0.002 
 227   0.001 0.004 
 187   0.001 0.033 
 183   0.002 0.019 
 143   0.011 0.003 
 175   0.001 0.012 
 171   0.001 0.008 
 179   0.000 0.011 
 251   0.000 0.001 
 247   0.001 0.005 
 135   0.000 0.001 
 259   0.000 0.001 
 243   0.000 0.003 
 167   0.000 0.002 
 155   0.000 0.001 
 255   0.000 0.001 
 159   0.000 0.001 

Locus 14 : OtsG409 
5 alleles
4.5% missing data
  86   0.872 0.750 
  88   0.115 0.241 
  90   0.012 0.008 
  92   0.000 0.001 
  94   0.000 0.001 

Locus 15 : Ssa289 
12 alleles
7.1% missing data
 107   0.367 0.121 
 113   0.046 0.069 
 109   0.344 0.371 
 119   0.081 0.103 
 117   0.075 0.104 
 111   0.042 0.099 
 121   0.029 0.115 
 115   0.001 0.004 
 125   0.013 0.006 
 127   0.000 0.001 
 123   0.000 0.003 
 105   0.000 0.003 

Values of parameters used in structure:
DATAFILE=/Users/student/Desktop/Pat's Stuff/CaSteelhead/CaSteelhead/project_data,	OUTFILE=/Users/student/Desktop/Pat's Stuff/CaSteelhead/CaSteelhead/Steelhead_NoAdmix_Uncorrelated/Results/Steelhead_NoAdmix_Uncorrelated_run_1,	NUMINDS=2596,	NUMLOCI=15,	MISSING=-9,	LABEL=1,	POPDATA=1,	POPFLAG=0,	PHENOTYPE=0,	EXTRACOLS=0,	MAXPOPS=2,	BURNIN=50000,	NUMREPS=150000,	USEPOPINFO=0,	INFERALPHA=1,	INFERLAMBDA=0,	POPSPECIFICLAMBDA=0,	POPALPHAS=0,	COMPUTEPROB=1,	NOADMIX=1,	ADMBURNIN=25000,	UPDATEFREQ=1,	PRINTLIKES=0,	INTERMEDSAVE=0,	PRINTKLD=0,	PRINTNET=0,	PRINTLAMBDA=0,	ANCESTDIST=0,	NUMBOXES=1000,	ANCESTPINT=0.90000,	GENSBACK=2,	MIGRPRIOR=0.05000,	PRINTQHAT=0,	PRINTQSUM=0,	ALPHA=1.0000,	FREQSCORR=0,	FPRIORMEAN=0.1000,	FPRIORSD=0.1000,	ONEFST=0,	LAMBDA=1.0000,	UNIFPRIORALPHA=1,	ALPHAMAX=10.0000,	ALPHAPRIORA=1.0000,	ALPHAPRIORB=2.0000,	ALPHAPROPSD=0.0500,	STARTATPOPINFO=0,	RANDOMIZE=1,	LINKAGE=0,	METROFREQ=10,	REPORTHITRATE=0,	MARKOVPHASE=-1,	PHASED=0,	PLOIDY=2,	PHASEINFO=0	LOCPRIOR=0, 	LOCPRIORINIT=1.000000, 	LOCDATA=0, 	LOCISPOP=0, 	LOCPRIORSTEP=0.100000, 	MAXLOCPRIOR=20.000000, 	SEED=1398888844,	
[STRAT parameters]:    NUMSIMSTATS=1000,	PHENOTYPECOL=-9,	POOLFREQ=10,	LOCUSxONLY=0,	EMERROR=0.00100,	MISSINGPHENO=-9,	