

----------------------------------------------------
STRUCTURE by Pritchard, Stephens and Donnelly (2000)
     and Falush, Stephens and Pritchard (2003)
       Code by Pritchard, Falush and Hubisz
             Version 2.3.4 (Jul 2012)
----------------------------------------------------



Command line arguments:   bin/structure -m "/Users/student/Desktop/Pat's Stuff/CaSteelhead/CaSteelhead/Steelhead_NoAdmix_Uncorrelated/mainparams" -e "/Users/student/Desktop/Pat's Stuff/CaSteelhead/CaSteelhead/Steelhead_NoAdmix_Uncorrelated/extraparams" 
Input File:    /Users/student/Desktop/Pat's Stuff/CaSteelhead/CaSteelhead/project_data

Run parameters:
   2596 individuals
   15 loci
   5 populations assumed
   50000 Burn-in period
   150000 Reps
NO ADMIXTURE model assumed


--------------------------------------------
Proportion of membership of each pre-defined
 population in each of the 5 clusters

Given    Inferred Clusters                     Number of
 Pop       1      2      3      4      5      Individuals

INSERT POP_Q HERE
--------------------------------------------

Allele-freq. divergence among pops (Net nucleotide distance),
computed using point estimates of P.

      1       2       3       4       5      
 1      -    0.0182  0.0376  0.0256  0.0270  
 2   0.0182     -    0.0411  0.0179  0.0233  
 3   0.0376  0.0411     -    0.0280  0.0158  
 4   0.0256  0.0179  0.0280     -    0.0140  
 5   0.0270  0.0233  0.0158  0.0140     -    

Average distances (expected heterozygosity) between individuals in same cluster:
cluster  1  : 0.7841 
cluster  2  : 0.7505 
cluster  3  : 0.7349 
cluster  4  : 0.7381 
cluster  5  : 0.7375 

--------------------------------------------
Estimated Ln Prob of Data   = -140648.7
Mean value of ln likelihood = -139573.0
Variance of ln likelihood   = 2151.3
Allele frequencies uncorrelated


Inferred ancestry of individuals:
        Label (%Miss) Pop:  Inferred clusters
INSERT IND_Q HERE 


Estimated Allele Frequencies in each cluster


Locus 1 : Omy1011 
31 alleles
5.9% missing data
 164   0.141 0.111 0.224 0.093 0.217 
 168   0.124 0.089 0.263 0.116 0.202 
 172   0.071 0.064 0.145 0.086 0.147 
 184   0.066 0.122 0.015 0.081 0.078 
 176   0.089 0.099 0.076 0.072 0.077 
 188   0.064 0.093 0.051 0.149 0.040 
 132   0.002 0.001 0.021 0.001 0.002 
 160   0.096 0.072 0.018 0.100 0.006 
 192   0.032 0.040 0.058 0.114 0.060 
 180   0.095 0.105 0.057 0.086 0.048 
 156   0.025 0.040 0.021 0.011 0.058 
 196   0.025 0.047 0.010 0.034 0.017 
 208   0.003 0.001 0.002 0.001 0.001 
 212   0.008 0.007 0.001 0.003 0.002 
 244   0.001 0.001 0.007 0.001 0.005 
 152   0.060 0.039 0.004 0.014 0.011 
 200   0.012 0.022 0.003 0.004 0.007 
 136   0.004 0.002 0.001 0.003 0.001 
 204   0.006 0.009 0.001 0.005 0.001 
 252   0.001 0.002 0.007 0.001 0.001 
 150   0.001 0.001 0.001 0.002 0.001 
 148   0.004 0.006 0.001 0.001 0.002 
 140   0.049 0.006 0.002 0.011 0.002 
 248   0.001 0.001 0.004 0.003 0.001 
 232   0.003 0.006 0.001 0.001 0.004 
 240   0.002 0.001 0.001 0.003 0.001 
 216   0.004 0.001 0.001 0.002 0.001 
 182   0.001 0.001 0.001 0.001 0.001 
 236   0.001 0.002 0.001 0.001 0.001 
 224   0.005 0.005 0.001 0.002 0.001 
 144   0.004 0.003 0.001 0.001 0.001 

Locus 2 : Omy77 
32 alleles
9.8% missing data
  98   0.064 0.294 0.065 0.186 0.123 
 102   0.069 0.066 0.176 0.210 0.315 
 132   0.036 0.098 0.018 0.056 0.028 
 106   0.041 0.063 0.104 0.032 0.048 
 108   0.032 0.014 0.158 0.044 0.055 
  96   0.010 0.005 0.135 0.045 0.028 
 126   0.099 0.098 0.025 0.027 0.041 
 104   0.034 0.051 0.069 0.010 0.121 
 110   0.152 0.054 0.078 0.112 0.080 
 128   0.072 0.005 0.055 0.015 0.024 
  80   0.014 0.022 0.014 0.003 0.008 
 134   0.008 0.060 0.006 0.025 0.032 
 138   0.004 0.005 0.039 0.012 0.014 
  92   0.010 0.006 0.023 0.094 0.038 
 136   0.015 0.012 0.009 0.029 0.003 
 100   0.003 0.003 0.001 0.001 0.004 
 120   0.044 0.007 0.002 0.004 0.002 
 116   0.030 0.003 0.002 0.002 0.001 
  94   0.003 0.002 0.005 0.028 0.004 
 124   0.026 0.021 0.002 0.002 0.001 
 122   0.011 0.009 0.001 0.003 0.002 
 114   0.035 0.007 0.003 0.002 0.004 
 118   0.071 0.019 0.002 0.015 0.003 
 130   0.047 0.028 0.001 0.008 0.004 
 140   0.010 0.017 0.001 0.009 0.003 
  90   0.006 0.005 0.001 0.003 0.002 
 112   0.025 0.014 0.001 0.002 0.003 
 142   0.003 0.006 0.001 0.013 0.003 
  88   0.004 0.002 0.001 0.003 0.001 
 144   0.020 0.003 0.001 0.003 0.002 
 146   0.002 0.002 0.001 0.003 0.001 
  82   0.002 0.002 0.001 0.001 0.001 

Locus 3 : OtsG243 
12 alleles
9.0% missing data
  58   0.042 0.017 0.363 0.043 0.117 
  84   0.768 0.897 0.604 0.868 0.829 
  80   0.082 0.040 0.021 0.034 0.023 
  88   0.047 0.021 0.003 0.043 0.022 
  76   0.010 0.014 0.002 0.004 0.001 
  78   0.031 0.004 0.002 0.002 0.001 
  82   0.001 0.001 0.002 0.001 0.001 
 108   0.003 0.001 0.001 0.001 0.001 
 112   0.003 0.001 0.001 0.001 0.001 
 102   0.004 0.002 0.001 0.001 0.001 
  66   0.006 0.001 0.001 0.001 0.001 
  62   0.003 0.001 0.001 0.001 0.001 

Locus 4 : OtsG401 
16 alleles
6.2% missing data
 117   0.088 0.207 0.184 0.114 0.170 
 111   0.179 0.188 0.044 0.045 0.116 
 113   0.103 0.189 0.206 0.337 0.273 
 109   0.553 0.349 0.533 0.435 0.388 
 105   0.012 0.004 0.005 0.005 0.003 
 103   0.013 0.010 0.004 0.003 0.005 
 115   0.009 0.007 0.006 0.013 0.008 
 119   0.001 0.006 0.001 0.009 0.007 
  93   0.001 0.001 0.002 0.001 0.002 
 101   0.015 0.004 0.003 0.005 0.004 
 107   0.013 0.014 0.007 0.012 0.011 
 123   0.001 0.005 0.002 0.001 0.001 
  97   0.003 0.003 0.001 0.001 0.003 
 121   0.002 0.005 0.001 0.015 0.009 
  99   0.003 0.003 0.001 0.003 0.001 
 127   0.001 0.006 0.001 0.001 0.001 

Locus 5 : OtsG253b 
37 alleles
8.3% missing data
 173   0.005 0.008 0.009 0.052 0.019 
 185   0.012 0.004 0.027 0.003 0.005 
 229   0.053 0.050 0.039 0.059 0.012 
 217   0.066 0.075 0.065 0.080 0.096 
 225   0.108 0.065 0.026 0.077 0.036 
 209   0.049 0.111 0.082 0.072 0.083 
 213   0.061 0.106 0.087 0.166 0.166 
 269   0.010 0.010 0.005 0.007 0.018 
 237   0.039 0.058 0.025 0.064 0.010 
 233   0.059 0.061 0.043 0.041 0.051 
 253   0.025 0.042 0.006 0.010 0.018 
 193   0.006 0.006 0.019 0.019 0.034 
 257   0.015 0.006 0.007 0.004 0.008 
 245   0.068 0.075 0.090 0.012 0.045 
 181   0.004 0.002 0.109 0.008 0.025 
 221   0.092 0.032 0.060 0.066 0.038 
 205   0.043 0.045 0.065 0.090 0.057 
 189   0.007 0.002 0.075 0.011 0.107 
 241   0.090 0.043 0.078 0.019 0.017 
 249   0.042 0.023 0.020 0.008 0.072 
 201   0.050 0.073 0.031 0.076 0.043 
 273   0.003 0.029 0.005 0.008 0.011 
 317   0.001 0.001 0.001 0.001 0.002 
 197   0.004 0.011 0.007 0.025 0.003 
 265   0.042 0.018 0.004 0.005 0.005 
 261   0.017 0.004 0.003 0.001 0.005 
 207   0.002 0.001 0.002 0.002 0.001 
 277   0.004 0.008 0.002 0.001 0.002 
 177   0.004 0.010 0.005 0.002 0.001 
 309   0.002 0.002 0.001 0.001 0.001 
 169   0.004 0.002 0.001 0.003 0.001 
 211   0.001 0.001 0.001 0.003 0.001 
 281   0.001 0.006 0.001 0.001 0.001 
 251   0.001 0.002 0.001 0.001 0.001 
 285   0.003 0.002 0.001 0.001 0.001 
 289   0.003 0.001 0.001 0.001 0.001 
 165   0.003 0.001 0.001 0.001 0.001 

Locus 6 : One11b 
8 alleles
6.5% missing data
 118   0.383 0.283 0.367 0.496 0.496 
 120   0.037 0.013 0.059 0.052 0.053 
 124   0.009 0.007 0.157 0.023 0.048 
 116   0.550 0.681 0.407 0.421 0.394 
 114   0.016 0.010 0.002 0.004 0.005 
 122   0.001 0.003 0.006 0.002 0.003 
 128   0.001 0.001 0.001 0.002 0.001 
 112   0.003 0.001 0.001 0.001 0.001 

Locus 7 : OtsG43 
26 alleles
7.0% missing data
 167   0.050 0.054 0.113 0.083 0.068 
 187   0.079 0.036 0.239 0.048 0.106 
 183   0.077 0.058 0.111 0.113 0.130 
 179   0.053 0.066 0.118 0.211 0.144 
 195   0.101 0.096 0.008 0.023 0.022 
 171   0.087 0.077 0.127 0.059 0.129 
 175   0.065 0.030 0.049 0.092 0.068 
 155   0.055 0.172 0.013 0.152 0.061 
 199   0.058 0.095 0.016 0.044 0.019 
 163   0.015 0.059 0.083 0.023 0.054 
 159   0.057 0.048 0.009 0.070 0.101 
 191   0.128 0.064 0.060 0.017 0.020 
 203   0.033 0.024 0.013 0.003 0.016 
 147   0.018 0.023 0.012 0.004 0.003 
 207   0.031 0.028 0.013 0.005 0.011 
 215   0.028 0.021 0.002 0.009 0.003 
 223   0.003 0.002 0.004 0.004 0.013 
 227   0.004 0.001 0.002 0.001 0.001 
 211   0.032 0.018 0.001 0.014 0.023 
 219   0.006 0.016 0.001 0.020 0.004 
 231   0.001 0.001 0.001 0.002 0.001 
 235   0.002 0.006 0.001 0.001 0.001 
 287   0.002 0.001 0.001 0.001 0.001 
 149   0.002 0.003 0.001 0.001 0.001 
 139   0.007 0.001 0.001 0.001 0.001 
 151   0.007 0.001 0.001 0.001 0.001 

Locus 8 : Ssa85 
29 alleles
11.2% missing data
 149   0.052 0.097 0.252 0.173 0.159 
 165   0.110 0.069 0.057 0.070 0.129 
 157   0.116 0.061 0.184 0.094 0.184 
 185   0.046 0.054 0.024 0.040 0.021 
 169   0.107 0.041 0.073 0.082 0.046 
 153   0.161 0.331 0.096 0.269 0.138 
 151   0.002 0.013 0.004 0.005 0.002 
 145   0.022 0.037 0.056 0.016 0.029 
 161   0.109 0.077 0.158 0.053 0.177 
 159   0.006 0.004 0.002 0.001 0.003 
 155   0.001 0.001 0.002 0.002 0.001 
 173   0.103 0.024 0.037 0.049 0.014 
 181   0.031 0.027 0.006 0.014 0.005 
 193   0.009 0.041 0.007 0.059 0.004 
 189   0.047 0.037 0.005 0.008 0.003 
 177   0.040 0.034 0.017 0.019 0.048 
 163   0.003 0.005 0.002 0.001 0.002 
 201   0.001 0.001 0.003 0.003 0.003 
 141   0.005 0.008 0.001 0.001 0.002 
 205   0.005 0.006 0.002 0.002 0.010 
 175   0.002 0.001 0.001 0.002 0.002 
 147   0.001 0.003 0.004 0.002 0.001 
 197   0.005 0.012 0.001 0.019 0.004 
 209   0.002 0.005 0.001 0.012 0.006 
 183   0.003 0.002 0.001 0.001 0.001 
 191   0.001 0.002 0.001 0.001 0.001 
 195   0.003 0.002 0.001 0.001 0.001 
 199   0.003 0.001 0.001 0.001 0.001 
 167   0.006 0.001 0.001 0.001 0.001 

Locus 9 : OtsG85 
50 alleles
11.5% missing data
 129   0.005 0.032 0.004 0.009 0.007 
 169   0.049 0.090 0.039 0.062 0.035 
 213   0.026 0.023 0.087 0.027 0.024 
 337   0.001 0.001 0.007 0.001 0.001 
 189   0.034 0.020 0.077 0.055 0.078 
 225   0.008 0.002 0.031 0.016 0.033 
 205   0.018 0.022 0.078 0.050 0.047 
 221   0.014 0.006 0.035 0.048 0.023 
 233   0.002 0.005 0.028 0.013 0.023 
 289   0.001 0.001 0.003 0.001 0.001 
 197   0.035 0.018 0.064 0.049 0.052 
 133   0.070 0.004 0.021 0.002 0.019 
 181   0.053 0.062 0.056 0.052 0.070 
 201   0.020 0.039 0.025 0.016 0.046 
 217   0.006 0.026 0.020 0.024 0.052 
 237   0.004 0.002 0.009 0.004 0.016 
 177   0.082 0.139 0.036 0.067 0.014 
 185   0.046 0.017 0.041 0.045 0.032 
 209   0.014 0.032 0.062 0.057 0.033 
 161   0.035 0.065 0.016 0.039 0.018 
 153   0.058 0.044 0.021 0.008 0.017 
 229   0.004 0.002 0.035 0.021 0.028 
 285   0.007 0.001 0.014 0.002 0.002 
 145   0.018 0.025 0.018 0.040 0.024 
 293   0.001 0.001 0.005 0.001 0.003 
 193   0.029 0.054 0.044 0.038 0.043 
 149   0.077 0.036 0.017 0.019 0.012 
 165   0.020 0.042 0.011 0.049 0.028 
 277   0.004 0.003 0.006 0.001 0.008 
 141   0.050 0.040 0.017 0.061 0.031 
 157   0.056 0.021 0.011 0.026 0.012 
 241   0.001 0.002 0.003 0.010 0.005 
 173   0.078 0.083 0.021 0.027 0.045 
 137   0.036 0.018 0.008 0.019 0.075 
 253   0.002 0.001 0.002 0.002 0.010 
 261   0.001 0.001 0.002 0.001 0.001 
 125   0.007 0.002 0.002 0.001 0.002 
 121   0.001 0.001 0.001 0.001 0.002 
 281   0.006 0.001 0.005 0.001 0.004 
 273   0.001 0.001 0.007 0.003 0.001 
 345   0.002 0.001 0.002 0.001 0.006 
 257   0.001 0.001 0.001 0.003 0.003 
 249   0.002 0.001 0.001 0.008 0.002 
 245   0.003 0.001 0.001 0.012 0.003 
 309   0.001 0.001 0.001 0.001 0.002 
 313   0.001 0.001 0.001 0.003 0.001 
 329   0.001 0.001 0.001 0.002 0.001 
 305   0.001 0.001 0.001 0.002 0.001 
 191   0.001 0.002 0.001 0.001 0.001 
 109   0.004 0.001 0.001 0.001 0.001 

Locus 10 : Oki23 
24 alleles
6.0% missing data
 142   0.064 0.132 0.311 0.134 0.132 
 194   0.005 0.007 0.054 0.043 0.023 
 182   0.015 0.024 0.014 0.029 0.016 
 178   0.008 0.025 0.031 0.048 0.037 
 150   0.127 0.033 0.053 0.070 0.024 
 170   0.060 0.024 0.033 0.035 0.079 
 174   0.040 0.028 0.011 0.054 0.046 
 146   0.141 0.152 0.032 0.094 0.028 
 186   0.018 0.020 0.026 0.040 0.029 
 190   0.006 0.017 0.093 0.033 0.076 
 166   0.030 0.052 0.013 0.072 0.016 
 158   0.098 0.050 0.028 0.052 0.048 
 138   0.049 0.055 0.065 0.022 0.037 
 198   0.004 0.014 0.011 0.021 0.003 
 154   0.101 0.093 0.128 0.060 0.215 
 162   0.093 0.072 0.033 0.074 0.047 
 122   0.002 0.002 0.010 0.004 0.013 
 130   0.006 0.019 0.007 0.019 0.006 
 126   0.031 0.099 0.010 0.059 0.053 
 134   0.096 0.077 0.025 0.028 0.058 
 118   0.001 0.001 0.005 0.001 0.001 
 202   0.001 0.001 0.002 0.005 0.002 
 218   0.001 0.001 0.001 0.001 0.009 
 210   0.003 0.001 0.001 0.001 0.001 

Locus 11 : One13b 
29 alleles
7.4% missing data
 214   0.025 0.026 0.100 0.013 0.027 
 234   0.029 0.015 0.095 0.021 0.130 
 212   0.086 0.197 0.237 0.184 0.199 
 220   0.062 0.079 0.147 0.066 0.116 
 222   0.182 0.177 0.167 0.307 0.144 
 228   0.107 0.085 0.106 0.052 0.064 
 208   0.053 0.032 0.006 0.096 0.067 
 216   0.058 0.016 0.007 0.034 0.016 
 232   0.030 0.003 0.018 0.002 0.019 
 218   0.036 0.047 0.023 0.015 0.022 
 242   0.007 0.018 0.009 0.012 0.006 
 240   0.023 0.022 0.021 0.002 0.013 
 236   0.030 0.007 0.015 0.027 0.044 
 224   0.067 0.070 0.019 0.067 0.066 
 312   0.001 0.001 0.001 0.001 0.002 
 230   0.063 0.041 0.007 0.049 0.008 
 226   0.085 0.036 0.003 0.007 0.009 
 210   0.003 0.006 0.003 0.005 0.004 
 248   0.009 0.043 0.002 0.003 0.008 
 206   0.009 0.032 0.003 0.020 0.024 
 238   0.008 0.007 0.003 0.008 0.004 
 252   0.002 0.013 0.001 0.001 0.001 
 310   0.002 0.005 0.001 0.001 0.001 
 294   0.001 0.002 0.001 0.001 0.001 
 250   0.003 0.008 0.001 0.001 0.001 
 306   0.002 0.003 0.001 0.001 0.002 
 254   0.005 0.005 0.001 0.001 0.001 
 260   0.005 0.002 0.001 0.001 0.001 
 256   0.008 0.001 0.001 0.001 0.001 

Locus 12 : Ots1b 
26 alleles
14.8% missing data
 201   0.003 0.005 0.019 0.001 0.009 
 205   0.002 0.006 0.061 0.023 0.041 
 215   0.139 0.322 0.303 0.434 0.341 
 213   0.342 0.245 0.347 0.200 0.284 
 221   0.019 0.020 0.033 0.012 0.038 
 217   0.020 0.018 0.110 0.034 0.144 
 219   0.002 0.004 0.005 0.028 0.002 
 293   0.071 0.104 0.055 0.035 0.029 
 291   0.185 0.023 0.021 0.024 0.012 
 211   0.003 0.001 0.014 0.012 0.012 
 209   0.045 0.120 0.001 0.047 0.034 
 225   0.031 0.037 0.001 0.006 0.011 
 305   0.001 0.001 0.002 0.001 0.001 
 223   0.007 0.003 0.001 0.045 0.003 
 237   0.018 0.021 0.004 0.004 0.008 
 233   0.002 0.002 0.011 0.038 0.011 
 229   0.011 0.005 0.003 0.002 0.003 
 295   0.017 0.030 0.001 0.033 0.007 
 239   0.005 0.002 0.001 0.001 0.001 
 243   0.003 0.001 0.001 0.001 0.001 
 287   0.036 0.017 0.001 0.006 0.003 
 289   0.007 0.004 0.001 0.006 0.001 
 279   0.011 0.003 0.002 0.003 0.002 
 321   0.004 0.001 0.001 0.001 0.001 
 207   0.009 0.001 0.001 0.001 0.001 
 283   0.007 0.001 0.001 0.001 0.001 

Locus 13 : OtsG3 
32 alleles
3.7% missing data
 147   0.442 0.639 0.714 0.673 0.716 
 151   0.074 0.032 0.027 0.078 0.025 
 195   0.006 0.006 0.038 0.008 0.024 
 199   0.024 0.007 0.005 0.004 0.002 
 211   0.003 0.008 0.030 0.002 0.013 
 139   0.250 0.098 0.131 0.094 0.104 
 215   0.007 0.004 0.001 0.002 0.003 
 223   0.005 0.009 0.006 0.005 0.013 
 207   0.009 0.002 0.006 0.001 0.002 
 219   0.002 0.002 0.009 0.004 0.009 
 191   0.041 0.022 0.003 0.035 0.012 
 235   0.007 0.001 0.001 0.001 0.001 
 231   0.001 0.005 0.001 0.001 0.013 
 203   0.005 0.010 0.011 0.008 0.006 
 163   0.003 0.004 0.002 0.001 0.001 
 239   0.001 0.005 0.002 0.001 0.006 
 227   0.005 0.006 0.002 0.002 0.001 
 187   0.005 0.052 0.001 0.036 0.002 
 183   0.024 0.021 0.001 0.015 0.005 
 143   0.002 0.005 0.001 0.003 0.024 
 175   0.017 0.022 0.001 0.002 0.002 
 171   0.011 0.006 0.001 0.008 0.004 
 179   0.027 0.006 0.001 0.005 0.001 
 251   0.001 0.001 0.001 0.002 0.001 
 247   0.007 0.007 0.001 0.003 0.002 
 135   0.002 0.001 0.001 0.001 0.001 
 259   0.001 0.002 0.001 0.001 0.001 
 243   0.004 0.008 0.001 0.001 0.001 
 167   0.005 0.002 0.001 0.001 0.001 
 155   0.003 0.001 0.001 0.001 0.002 
 255   0.002 0.001 0.001 0.001 0.001 
 159   0.003 0.001 0.001 0.001 0.001 

Locus 14 : OtsG409 
5 alleles
4.5% missing data
  86   0.686 0.675 0.898 0.851 0.820 
  88   0.300 0.311 0.089 0.141 0.162 
  90   0.009 0.010 0.011 0.006 0.016 
  92   0.001 0.002 0.001 0.001 0.001 
  94   0.004 0.001 0.001 0.001 0.001 

Locus 15 : Ssa289 
12 alleles
7.1% missing data
 107   0.067 0.113 0.432 0.167 0.267 
 113   0.034 0.076 0.047 0.092 0.037 
 109   0.386 0.427 0.290 0.293 0.442 
 119   0.066 0.165 0.070 0.073 0.104 
 117   0.105 0.029 0.081 0.173 0.049 
 111   0.213 0.065 0.044 0.055 0.041 
 121   0.088 0.112 0.023 0.132 0.036 
 115   0.014 0.001 0.001 0.001 0.001 
 125   0.004 0.002 0.008 0.012 0.018 
 127   0.003 0.003 0.001 0.001 0.001 
 123   0.007 0.006 0.001 0.001 0.001 
 105   0.013 0.001 0.001 0.001 0.001 

Values of parameters used in structure:
DATAFILE=/Users/student/Desktop/Pat's Stuff/CaSteelhead/CaSteelhead/project_data,	OUTFILE=/Users/student/Desktop/Pat's Stuff/CaSteelhead/CaSteelhead/Steelhead_NoAdmix_Uncorrelated/Results/Steelhead_NoAdmix_Uncorrelated_run_19,	NUMINDS=2596,	NUMLOCI=15,	MISSING=-9,	LABEL=1,	POPDATA=1,	POPFLAG=0,	PHENOTYPE=0,	EXTRACOLS=0,	MAXPOPS=5,	BURNIN=50000,	NUMREPS=150000,	USEPOPINFO=0,	INFERALPHA=1,	INFERLAMBDA=0,	POPSPECIFICLAMBDA=0,	POPALPHAS=0,	COMPUTEPROB=1,	NOADMIX=1,	ADMBURNIN=25000,	UPDATEFREQ=1,	PRINTLIKES=0,	INTERMEDSAVE=0,	PRINTKLD=0,	PRINTNET=0,	PRINTLAMBDA=0,	ANCESTDIST=0,	NUMBOXES=1000,	ANCESTPINT=0.90000,	GENSBACK=2,	MIGRPRIOR=0.05000,	PRINTQHAT=0,	PRINTQSUM=0,	ALPHA=1.0000,	FREQSCORR=0,	FPRIORMEAN=0.1000,	FPRIORSD=0.1000,	ONEFST=0,	LAMBDA=1.0000,	UNIFPRIORALPHA=1,	ALPHAMAX=10.0000,	ALPHAPRIORA=1.0000,	ALPHAPRIORB=2.0000,	ALPHAPROPSD=0.0500,	STARTATPOPINFO=0,	RANDOMIZE=1,	LINKAGE=0,	METROFREQ=10,	REPORTHITRATE=0,	MARKOVPHASE=-1,	PHASED=0,	PLOIDY=2,	PHASEINFO=0	LOCPRIOR=0, 	LOCPRIORINIT=1.000000, 	LOCDATA=0, 	LOCISPOP=0, 	LOCPRIORSTEP=0.100000, 	MAXLOCPRIOR=20.000000, 	SEED=1399062928,	
[STRAT parameters]:    NUMSIMSTATS=1000,	PHENOTYPECOL=-9,	POOLFREQ=10,	LOCUSxONLY=0,	EMERROR=0.00100,	MISSINGPHENO=-9,	