

----------------------------------------------------
STRUCTURE by Pritchard, Stephens and Donnelly (2000)
     and Falush, Stephens and Pritchard (2003)
       Code by Pritchard, Falush and Hubisz
             Version 2.3.4 (Jul 2012)
----------------------------------------------------



Command line arguments:   bin/structure -m "/Users/student/Desktop/Pat's Stuff/CaSteelhead/CaSteelhead/Steelhead_NoAdmix_Uncorrelated/mainparams" -e "/Users/student/Desktop/Pat's Stuff/CaSteelhead/CaSteelhead/Steelhead_NoAdmix_Uncorrelated/extraparams" 
Input File:    /Users/student/Desktop/Pat's Stuff/CaSteelhead/CaSteelhead/project_data

Run parameters:
   2596 individuals
   15 loci
   3 populations assumed
   50000 Burn-in period
   150000 Reps
NO ADMIXTURE model assumed


--------------------------------------------
Proportion of membership of each pre-defined
 population in each of the 3 clusters

Given    Inferred Clusters       Number of
 Pop       1      2      3      Individuals

INSERT POP_Q HERE
--------------------------------------------

Allele-freq. divergence among pops (Net nucleotide distance),
computed using point estimates of P.

      1       2       3      
 1      -    0.0290  0.0187  
 2   0.0290     -    0.0167  
 3   0.0187  0.0167     -    

Average distances (expected heterozygosity) between individuals in same cluster:
cluster  1  : 0.7390 
cluster  2  : 0.7738 
cluster  3  : 0.7391 

--------------------------------------------
Estimated Ln Prob of Data   = -142262.8
Mean value of ln likelihood = -141642.0
Variance of ln likelihood   = 1241.6
Allele frequencies uncorrelated


Inferred ancestry of individuals:
        Label (%Miss) Pop:  Inferred clusters
INSERT POP_Q HERE


Estimated Allele Frequencies in each cluster


Locus 1 : Omy1011 
31 alleles
5.9% missing data
 164   0.228 0.134 0.106 
 168   0.249 0.113 0.119 
 172   0.150 0.071 0.089 
 184   0.031 0.098 0.090 
 176   0.077 0.091 0.079 
 188   0.046 0.073 0.133 
 132   0.015 0.001 0.001 
 160   0.014 0.083 0.084 
 192   0.058 0.032 0.103 
 180   0.052 0.099 0.086 
 156   0.036 0.030 0.021 
 196   0.012 0.037 0.032 
 208   0.001 0.001 0.001 
 212   0.001 0.008 0.002 
 244   0.006 0.001 0.001 
 152   0.004 0.050 0.017 
 200   0.004 0.017 0.005 
 136   0.001 0.002 0.002 
 204   0.001 0.007 0.004 
 252   0.005 0.001 0.001 
 150   0.001 0.001 0.001 
 148   0.001 0.004 0.003 
 140   0.001 0.028 0.009 
 248   0.003 0.001 0.002 
 232   0.001 0.003 0.002 
 240   0.001 0.001 0.002 
 216   0.001 0.002 0.002 
 182   0.001 0.001 0.001 
 236   0.001 0.001 0.001 
 224   0.001 0.005 0.001 
 144   0.001 0.003 0.001 

Locus 2 : Omy77 
32 alleles
9.8% missing data
  98   0.078 0.168 0.204 
 102   0.230 0.066 0.215 
 132   0.021 0.069 0.055 
 106   0.085 0.054 0.035 
 108   0.127 0.021 0.040 
  96   0.100 0.006 0.037 
 126   0.031 0.105 0.030 
 104   0.092 0.051 0.021 
 110   0.079 0.107 0.103 
 128   0.047 0.040 0.013 
  80   0.012 0.019 0.005 
 134   0.014 0.029 0.034 
 138   0.032 0.002 0.011 
  92   0.026 0.005 0.082 
 136   0.007 0.012 0.024 
 100   0.001 0.003 0.001 
 120   0.001 0.027 0.004 
 116   0.001 0.017 0.001 
  94   0.003 0.002 0.023 
 124   0.001 0.024 0.003 
 122   0.001 0.009 0.003 
 114   0.003 0.022 0.001 
 118   0.002 0.047 0.012 
 130   0.001 0.038 0.009 
 140   0.001 0.013 0.009 
  90   0.001 0.005 0.002 
 112   0.001 0.021 0.001 
 142   0.001 0.003 0.011 
  88   0.001 0.002 0.003 
 144   0.001 0.011 0.004 
 146   0.001 0.001 0.002 
  82   0.001 0.001 0.001 

Locus 3 : OtsG243 
12 alleles
9.0% missing data
  58   0.286 0.027 0.045 
  84   0.680 0.840 0.872 
  80   0.021 0.058 0.035 
  88   0.006 0.035 0.039 
  76   0.001 0.012 0.004 
  78   0.001 0.017 0.002 
  82   0.002 0.001 0.001 
 108   0.001 0.002 0.001 
 112   0.001 0.002 0.001 
 102   0.001 0.002 0.001 
  66   0.001 0.003 0.001 
  62   0.001 0.002 0.001 

Locus 4 : OtsG401 
16 alleles
6.2% missing data
 117   0.182 0.144 0.133 
 111   0.068 0.197 0.060 
 113   0.229 0.142 0.318 
 109   0.487 0.453 0.421 
 105   0.003 0.007 0.005 
 103   0.004 0.012 0.004 
 115   0.006 0.008 0.012 
 119   0.001 0.003 0.009 
  93   0.001 0.001 0.001 
 101   0.003 0.009 0.005 
 107   0.008 0.013 0.012 
 123   0.001 0.003 0.001 
  97   0.001 0.002 0.002 
 121   0.004 0.002 0.013 
  99   0.001 0.003 0.002 
 127   0.001 0.002 0.002 

Locus 5 : OtsG253b 
37 alleles
8.3% missing data
 173   0.011 0.005 0.046 
 185   0.019 0.008 0.002 
 229   0.029 0.054 0.049 
 217   0.073 0.069 0.090 
 225   0.029 0.091 0.068 
 209   0.082 0.076 0.081 
 213   0.107 0.086 0.171 
 269   0.008 0.010 0.010 
 237   0.018 0.043 0.062 
 233   0.049 0.064 0.040 
 253   0.009 0.029 0.019 
 193   0.027 0.005 0.018 
 257   0.007 0.010 0.004 
 245   0.077 0.073 0.020 
 181   0.083 0.003 0.006 
 221   0.052 0.065 0.058 
 205   0.064 0.044 0.079 
 189   0.094 0.005 0.017 
 241   0.059 0.069 0.018 
 249   0.040 0.034 0.017 
 201   0.033 0.062 0.074 
 273   0.007 0.017 0.009 
 317   0.001 0.001 0.001 
 197   0.005 0.007 0.020 
 265   0.003 0.032 0.005 
 261   0.004 0.011 0.001 
 207   0.001 0.001 0.001 
 277   0.002 0.006 0.001 
 177   0.003 0.007 0.003 
 309   0.001 0.001 0.001 
 169   0.001 0.002 0.002 
 211   0.001 0.001 0.002 
 281   0.001 0.003 0.001 
 251   0.001 0.001 0.001 
 285   0.001 0.002 0.001 
 289   0.001 0.001 0.001 
 165   0.001 0.001 0.001 

Locus 6 : One11b 
8 alleles
6.5% missing data
 118   0.411 0.335 0.481 
 120   0.056 0.023 0.050 
 124   0.121 0.007 0.023 
 116   0.404 0.622 0.434 
 114   0.002 0.010 0.007 
 122   0.005 0.001 0.002 
 128   0.001 0.001 0.001 
 112   0.001 0.001 0.001 

Locus 7 : OtsG43 
26 alleles
7.0% missing data
 167   0.098 0.047 0.082 
 187   0.197 0.058 0.051 
 183   0.120 0.068 0.110 
 179   0.127 0.055 0.194 
 195   0.011 0.103 0.027 
 171   0.130 0.084 0.070 
 175   0.054 0.049 0.085 
 155   0.025 0.106 0.152 
 199   0.016 0.074 0.048 
 163   0.076 0.037 0.026 
 159   0.041 0.057 0.070 
 191   0.046 0.103 0.017 
 203   0.015 0.029 0.005 
 147   0.008 0.021 0.004 
 207   0.012 0.032 0.006 
 215   0.002 0.023 0.010 
 223   0.007 0.002 0.006 
 227   0.002 0.002 0.001 
 211   0.008 0.027 0.015 
 219   0.001 0.010 0.018 
 231   0.001 0.001 0.001 
 235   0.001 0.003 0.001 
 287   0.001 0.001 0.001 
 149   0.001 0.002 0.001 
 139   0.001 0.004 0.001 
 151   0.001 0.004 0.001 

Locus 8 : Ssa85 
29 alleles
11.2% missing data
 149   0.227 0.072 0.161 
 165   0.082 0.095 0.079 
 157   0.188 0.090 0.104 
 185   0.022 0.046 0.043 
 169   0.061 0.076 0.075 
 153   0.103 0.240 0.271 
 151   0.003 0.005 0.007 
 145   0.048 0.030 0.017 
 161   0.171 0.102 0.065 
 159   0.003 0.005 0.001 
 155   0.002 0.001 0.001 
 173   0.029 0.064 0.041 
 181   0.006 0.030 0.013 
 193   0.005 0.021 0.051 
 189   0.004 0.045 0.007 
 177   0.028 0.040 0.023 
 163   0.002 0.003 0.001 
 201   0.002 0.001 0.002 
 141   0.001 0.006 0.001 
 205   0.006 0.005 0.002 
 175   0.001 0.001 0.001 
 147   0.003 0.001 0.002 
 197   0.001 0.007 0.017 
 209   0.002 0.003 0.011 
 183   0.001 0.001 0.001 
 191   0.001 0.001 0.001 
 195   0.001 0.002 0.001 
 199   0.001 0.002 0.001 
 167   0.001 0.003 0.001 

Locus 9 : OtsG85 
50 alleles
11.5% missing data
 129   0.005 0.016 0.012 
 169   0.039 0.070 0.059 
 213   0.066 0.024 0.026 
 337   0.005 0.001 0.001 
 189   0.076 0.027 0.059 
 225   0.033 0.006 0.016 
 205   0.069 0.020 0.046 
 221   0.030 0.010 0.041 
 233   0.029 0.003 0.011 
 289   0.002 0.001 0.001 
 197   0.063 0.026 0.045 
 133   0.022 0.039 0.003 
 181   0.061 0.063 0.054 
 201   0.032 0.033 0.022 
 217   0.034 0.013 0.029 
 237   0.013 0.002 0.004 
 177   0.027 0.112 0.066 
 185   0.037 0.033 0.040 
 209   0.051 0.022 0.054 
 161   0.016 0.046 0.043 
 153   0.020 0.055 0.010 
 229   0.032 0.002 0.021 
 285   0.009 0.003 0.002 
 145   0.019 0.020 0.038 
 293   0.004 0.001 0.001 
 193   0.043 0.039 0.044 
 149   0.015 0.059 0.019 
 165   0.014 0.029 0.051 
 277   0.007 0.004 0.001 
 141   0.018 0.047 0.059 
 157   0.011 0.040 0.024 
 241   0.004 0.001 0.008 
 173   0.030 0.085 0.033 
 137   0.035 0.028 0.026 
 253   0.005 0.001 0.003 
 261   0.002 0.001 0.001 
 125   0.002 0.004 0.001 
 121   0.001 0.001 0.001 
 281   0.004 0.003 0.001 
 273   0.004 0.001 0.002 
 345   0.004 0.001 0.001 
 257   0.001 0.001 0.003 
 249   0.001 0.001 0.006 
 245   0.001 0.002 0.010 
 309   0.001 0.001 0.001 
 313   0.001 0.001 0.002 
 329   0.001 0.001 0.001 
 305   0.001 0.001 0.001 
 191   0.001 0.001 0.001 
 109   0.001 0.002 0.001 

Locus 10 : Oki23 
24 alleles
6.0% missing data
 142   0.255 0.091 0.132 
 194   0.042 0.005 0.038 
 182   0.015 0.017 0.028 
 178   0.034 0.015 0.044 
 150   0.043 0.083 0.057 
 170   0.050 0.044 0.040 
 174   0.020 0.035 0.054 
 146   0.029 0.151 0.088 
 186   0.028 0.018 0.037 
 190   0.090 0.012 0.035 
 166   0.012 0.039 0.064 
 158   0.035 0.076 0.051 
 138   0.053 0.046 0.035 
 198   0.008 0.004 0.020 
 154   0.168 0.112 0.069 
 162   0.038 0.081 0.072 
 122   0.011 0.002 0.005 
 130   0.005 0.013 0.017 
 126   0.020 0.066 0.067 
 134   0.036 0.087 0.039 
 118   0.003 0.001 0.001 
 202   0.001 0.001 0.004 
 218   0.004 0.001 0.001 
 210   0.001 0.001 0.001 

Locus 11 : One13b 
29 alleles
7.4% missing data
 214   0.077 0.027 0.013 
 234   0.113 0.023 0.032 
 212   0.224 0.131 0.201 
 220   0.143 0.066 0.074 
 222   0.155 0.178 0.276 
 228   0.094 0.092 0.060 
 208   0.022 0.042 0.093 
 216   0.009 0.038 0.030 
 232   0.020 0.017 0.001 
 218   0.022 0.043 0.019 
 242   0.008 0.013 0.011 
 240   0.019 0.024 0.003 
 236   0.023 0.020 0.028 
 224   0.034 0.072 0.067 
 312   0.001 0.001 0.001 
 230   0.006 0.053 0.041 
 226   0.005 0.065 0.007 
 210   0.003 0.005 0.004 
 248   0.004 0.030 0.005 
 206   0.010 0.022 0.020 
 238   0.002 0.007 0.007 
 252   0.001 0.008 0.001 
 310   0.001 0.003 0.001 
 294   0.001 0.001 0.001 
 250   0.001 0.005 0.001 
 306   0.001 0.002 0.001 
 254   0.001 0.005 0.001 
 260   0.001 0.003 0.001 
 256   0.001 0.004 0.001 

Locus 12 : Ots1b 
26 alleles
14.8% missing data
 201   0.016 0.004 0.001 
 205   0.055 0.003 0.024 
 215   0.316 0.214 0.430 
 213   0.331 0.309 0.207 
 221   0.038 0.017 0.015 
 217   0.127 0.021 0.045 
 219   0.003 0.001 0.023 
 293   0.048 0.092 0.036 
 291   0.015 0.111 0.021 
 211   0.013 0.001 0.010 
 209   0.009 0.084 0.056 
 225   0.003 0.034 0.011 
 305   0.001 0.001 0.001 
 223   0.001 0.003 0.035 
 237   0.004 0.021 0.006 
 233   0.010 0.001 0.030 
 229   0.002 0.007 0.003 
 295   0.001 0.023 0.031 
 239   0.001 0.003 0.001 
 243   0.001 0.002 0.001 
 287   0.001 0.028 0.005 
 289   0.001 0.005 0.004 
 279   0.001 0.006 0.002 
 321   0.001 0.002 0.001 
 207   0.001 0.004 0.001 
 283   0.001 0.003 0.001 

Locus 13 : OtsG3 
32 alleles
3.7% missing data
 147   0.721 0.541 0.691 
 151   0.025 0.055 0.065 
 195   0.034 0.006 0.008 
 199   0.003 0.015 0.004 
 211   0.024 0.005 0.004 
 139   0.122 0.185 0.090 
 215   0.001 0.006 0.003 
 223   0.007 0.007 0.007 
 207   0.005 0.005 0.001 
 219   0.010 0.002 0.004 
 191   0.006 0.033 0.028 
 235   0.001 0.003 0.001 
 231   0.006 0.003 0.001 
 203   0.009 0.006 0.009 
 163   0.001 0.003 0.001 
 239   0.003 0.003 0.002 
 227   0.001 0.005 0.002 
 187   0.001 0.025 0.035 
 183   0.002 0.024 0.013 
 143   0.010 0.003 0.005 
 175   0.001 0.018 0.004 
 171   0.001 0.007 0.009 
 179   0.001 0.017 0.003 
 251   0.001 0.001 0.002 
 247   0.001 0.008 0.002 
 135   0.001 0.001 0.001 
 259   0.001 0.001 0.001 
 243   0.001 0.005 0.002 
 167   0.001 0.003 0.001 
 155   0.001 0.002 0.001 
 255   0.001 0.001 0.001 
 159   0.001 0.001 0.001 

Locus 14 : OtsG409 
5 alleles
4.5% missing data
  86   0.875 0.666 0.840 
  88   0.113 0.321 0.150 
  90   0.011 0.009 0.008 
  92   0.001 0.001 0.001 
  94   0.001 0.002 0.001 

Locus 15 : Ssa289 
12 alleles
7.1% missing data
 107   0.379 0.084 0.180 
 113   0.043 0.049 0.087 
 109   0.341 0.416 0.328 
 119   0.082 0.117 0.087 
 117   0.070 0.064 0.140 
 111   0.045 0.144 0.047 
 121   0.024 0.101 0.117 
 115   0.001 0.007 0.001 
 125   0.013 0.003 0.010 
 127   0.001 0.002 0.001 
 123   0.001 0.006 0.001 
 105   0.001 0.006 0.001 

Values of parameters used in structure:
DATAFILE=/Users/student/Desktop/Pat's Stuff/CaSteelhead/CaSteelhead/project_data,	OUTFILE=/Users/student/Desktop/Pat's Stuff/CaSteelhead/CaSteelhead/Steelhead_NoAdmix_Uncorrelated/Results/Steelhead_NoAdmix_Uncorrelated_run_7,	NUMINDS=2596,	NUMLOCI=15,	MISSING=-9,	LABEL=1,	POPDATA=1,	POPFLAG=0,	PHENOTYPE=0,	EXTRACOLS=0,	MAXPOPS=3,	BURNIN=50000,	NUMREPS=150000,	USEPOPINFO=0,	INFERALPHA=1,	INFERLAMBDA=0,	POPSPECIFICLAMBDA=0,	POPALPHAS=0,	COMPUTEPROB=1,	NOADMIX=1,	ADMBURNIN=25000,	UPDATEFREQ=1,	PRINTLIKES=0,	INTERMEDSAVE=0,	PRINTKLD=0,	PRINTNET=0,	PRINTLAMBDA=0,	ANCESTDIST=0,	NUMBOXES=1000,	ANCESTPINT=0.90000,	GENSBACK=2,	MIGRPRIOR=0.05000,	PRINTQHAT=0,	PRINTQSUM=0,	ALPHA=1.0000,	FREQSCORR=0,	FPRIORMEAN=0.1000,	FPRIORSD=0.1000,	ONEFST=0,	LAMBDA=1.0000,	UNIFPRIORALPHA=1,	ALPHAMAX=10.0000,	ALPHAPRIORA=1.0000,	ALPHAPRIORB=2.0000,	ALPHAPROPSD=0.0500,	STARTATPOPINFO=0,	RANDOMIZE=1,	LINKAGE=0,	METROFREQ=10,	REPORTHITRATE=0,	MARKOVPHASE=-1,	PHASED=0,	PLOIDY=2,	PHASEINFO=0	LOCPRIOR=0, 	LOCPRIORINIT=1.000000, 	LOCDATA=0, 	LOCISPOP=0, 	LOCPRIORSTEP=0.100000, 	MAXLOCPRIOR=20.000000, 	SEED=1399055409,	
[STRAT parameters]:    NUMSIMSTATS=1000,	PHENOTYPECOL=-9,	POOLFREQ=10,	LOCUSxONLY=0,	EMERROR=0.00100,	MISSINGPHENO=-9,	